Hydrocarbons
2.3929857707116753E-4
6.355204823194072E-5
6.894484395161271E-4
3.792584720940795E-6
1.1542749234649818E-5
1.4968311006668955E-4
2.329816488781944E-4
1.3831372598360758E-5
5.386065367929405E-6
2.283317007822916E-5
1.1707651538017672E-5
1.583476405357942E-4
3.0248702387325466E-5
3.465289046289399E-5
1.703917769191321E-5
2.5878276574076153E-5
1.9556444385671057E-5
3.367870158399455E-5
7.891293535067234E-6
1.0705028216762003E-5
2.8046912120771594E-5
2.237966691609472E-5
1.3759709872829262E-5
5.588293333858019E-6
1.3993600077810697E-5
8.483810961479321E-5
1.860249540186487E-5
8.648150469525717E-6
1.4952927813283168E-5
5.573974704020657E-6
1.9860005977534456E-6
2.5285409719799645E-5
7.943039236124605E-6
2.0638108253479004E-6
2.9358709070947953E-5
1.462116324546514E-5
6.300765107880579E-6
8.192333780243644E-7
5.511738345376216E-5
3.5571492844610475E-6
5.758696352131665E-5
1.5229497876134701E-5
8.766954124439508E-6
7.628545063198544E-6
2.603995426397887E-6
1.0514023415453266E-5
0.014085679315030575
5.818963472847827E-6
1.3157833564036991E-5
2.8844751068390906E-4
4.923205779050477E-6
2.082246464851778E-5
1.4012626706971787E-5
1.1557482139323838E-5
1.119622538681142E-5
2.6421283109812066E-5
5.5329885071842E-5
1.396819279761985E-4
2.6123461793758906E-5
1.5612273500664742E-6
9.958873306459282E-6
2.1883931822230807E-6
6.690332156722434E-6
1.6457743186037987E-5
2.6704885385697708E-5
1.3470055819198024E-5
1.6312487787217833E-5
7.991728489287198E-5
2.6870226065511815E-5
1.7851809388957918E-4
2.3798891106707742E-6
2.4416200176347047E-5
5.720394983654842E-5
8.694280950294342E-6
1.968449851119658E-6
1.2942350622324739E-6
2.302198709003278E-6
3.083725232500001E-6
2.1505892800632864E-4
9.745354873302858E-6
3.0294651878648438E-5
5.351012441678904E-5
1.5852767319302075E-5
7.63155458116671E-6
4.502697720454307E-6
6.943440894247033E-6
0.018848014995455742
4.927971076540416E-6
8.490356776746921E-6
9.058347131940536E-6
3.057464346056804E-5
1.3526409020414576E-5
2.8710335755022243E-5
0.0016716467216610909
1.9344659813214093E-4
3.904605705429276E-7
8.767737199377734E-6
8.824170436128043E-6
9.060458978638053E-6
2.665225338205346E-6
4.810403879673686E-6
4.243632247380447E-6
3.921061306755291E-6
7.359005849139066E-7
5.891053547202318E-7
1.2996175428270362E-5
0.0063509345054626465
1.9847241219395073E-6
8.25145161797991E-6
7.344629011640791E-6
3.367275348864496E-5
4.755578117965342E-7
5.417471129476326E-6
2.206393219239544E-5
3.230138463550247E-5
4.967168024450075E-6
7.377713018286158E-7
1.645522615945083E-6
1.8620022501636413E-6
3.653888052213006E-5
2.247590828119428E-6
1.2260915127626504E-6
9.614261671231361E-7
6.530941391247325E-6
2.323123590031173E-5
3.6702886063721962E-6
3.6229653233021963E-6
1.3334674804355018E-6
5.099029294797219E-6
4.163016456004698E-6
3.2658062991686165E-5
2.4679851776454598E-5
1.151240667240927E-5
0.008431948721408844
6.741980996594066E-6
1.2123761734983418E-5
8.838849225867307E-7
2.225135176558979E-6
6.365867648128187E-6
2.1732977984356694E-5
4.691451351845899E-7
1.6546498954994604E-5
0.0020994029473513365
1.4007835488882847E-5
7.122884653654182E-6
6.943540938664228E-6
3.542544163792627E-6
2.482208401488606E-6
1.7222411770489998E-5
4.018762774649076E-5
6.974919233471155E-5
1.7458642105339095E-6
3.193802740497631E-6
5.784277732345799E-7
1.498813276157307E-6
2.2807555069448426E-5
8.410797818214633E-6
8.753674592298921E-6
3.426251851124107E-6
1.9028037058888003E-5
2.264872591695166E-6
6.865828709123889E-6
2.0954978481313447E-6
3.985004514106549E-5
8.365707799384836E-6
2.82815312857565E-6
9.539039638184477E-7
8.326167630912096E-7
5.144555871083867E-6
3.0657949992018985E-6
1.572168798702478E-6
4.3196003389311954E-5
3.5074965580861317E-6
2.524780484236544E-6
5.2036834858881775E-6
0.007204664871096611
4.2137977288803086E-5
1.2810440239263698E-5
6.821125134592876E-5
7.759368259030452E-7
1.985721155506326E-6
5.888417490496067E-6
8.714323485037312E-6
0.003609732026234269
6.832914550614078E-6
2.6520751816860866E-6
8.029776836337987E-6
0.004019842017441988
2.3614938982063904E-5
1.4413226381293498E-5
9.169403347186744E-5
6.965598731767386E-5
5.392452749219956E-6
1.2607218877747073E-6
7.492547865695087E-6
3.2556199585087597E-6
9.73808164417278E-6
1.3378997891777544E-6
8.43930865812581E-6
3.695737541420385E-5
3.210733439118485E-6
1.245129678864032E-4
2.96917660307372E-5
3.6304631976236124E-6
7.781518434057944E-6
2.1094725525472313E-5
2.849938173312694E-4
5.056849204265745E-6
1.8006252503255382E-5
1.200128099299036E-4
9.165806659439113E-6
1.0020070476457477E-5
9.405410139606829E-8
0.0020098418463021517
1.2876153050456196E-6
1.2518991070464836E-6
7.840049534024729E-7
1.9192111722077243E-5
1.1293794841549243E-6
1.6384517948608845E-5
3.6823973914579256E-6
2.780414251901675E-5
5.8369929320178926E-5
6.457575182139408E-6
1.2179159057268407E-5
1.1204969632672146E-4
1.1653681212919764E-5
2.8979852686461527E-6
7.490426128242689E-7
3.494375562240748E-7
5.3875314733886626E-6
0.0030156217981129885
1.061088278220268E-5
1.2958604429513798E-6
1.816199983295519E-5
1.3832320746587357E-6
1.0292524166288786E-5
2.7100732040707953E-6
1.0319956800231012E-6
1.5626415915903635E-5
1.8981395442096982E-6
3.820003371401981E-7
1.0459816621732898E-5
2.925424723798642E-6
9.320046956418082E-7
4.162384925621154E-7
1.2633287951757666E-5
1.0083579581987578E-5
7.530148141086102E-4
1.293306354455126E-6
6.876505722175352E-6
2.7207654511585133E-6
6.202405415933754E-7
1.801909888854425E-6
7.819913321327476E-7
5.997955449856818E-4
5.098940164316446E-6
3.511075419737608E-6
5.071391115052393E-6
7.894391455920413E-5
4.891609933110885E-6
1.2171135495009366E-6
7.077650252540479E-7
4.2551318983896635E-6
6.544497864524601E-6
7.327014373004204E-6
1.6394986914747278E-6
1.1418096619308926E-6
9.487453098699916E-7
9.219097023560607E-7
2.3996534537218395E-7
2.9521629585360643E-6
2.413896709185792E-6
4.5233882701722905E-6
4.337215159466723E-6
9.762174158822745E-6
9.810883057070896E-7
8.344650268554688E-6
7.612024091940839E-6
7.471379603884998E-7
5.2568851970136166E-5
1.3427376870822627E-5
2.1121761619724566E-6
1.5716675989096984E-5
1.0065663218483678E-6
0.0023870551958680153
9.010229405248538E-6
4.148190839714516E-7
7.631793414475396E-5
3.9945472963154316E-5
9.46955151448492E-6
8.399446755902318E-7
7.690844086027937E-7
7.819476195436437E-6
2.0985819446650567E-6
5.1976389414676305E-8
8.500408512190916E-6
7.276232167896524E-7
8.222426117754367E-7
0.0017312063137069345
2.662822851107194E-7
1.5325632602980477E-6
2.4341214157175273E-5
1.89188402146101E-4
2.192140755141736E-6
8.765624670559191E-7
5.0782450671249535E-6
2.2595472728426103E-6
2.173524762838497E-6
4.730866294266889E-6
9.761023420651327E-7
3.1783369195181876E-5
1.997595290958998E-6
3.494612315080303E-7
8.395005352213047E-6
1.1139542948512826E-5
4.533718310995027E-6
1.0542709787841886E-5
1.2156332331869635E-6
1.093696823772916E-6
1.273597831641382E-6
1.1672246728267055E-5
4.8625388444634154E-6
1.9921985767723527E-6
1.951080093931523E-6
6.380457307386678E-6
2.1944950276520103E-5
1.1605638428591192E-4
3.111817704848363E-6
7.792799010530871E-7
5.191240688873222E-6
2.4809314709273167E-6
4.252986855135532E-6
1.5085997802088968E-6
6.74005320888682E-7
2.185975063184742E-7
2.7393239179218654E-6
1.8858654016185028E-7
4.071042440045858E-6
3.0021206498531683E-7
3.6372332488099346E-6
1.3285723525768844E-6
7.684685101594368E-7
2.5439608180022333E-6
1.7801935427996796E-6
6.382259471138241E-6
6.060408195480704E-4
2.355361857553362E-6
4.900756721326616E-6
6.442215294555353E-7
6.976971462790971E-7
1.9749480998143554E-5
2.7103949832962826E-5
1.7590242578080506E-6
1.0108957440024824E-6
1.0187847010456608E-6
1.2116632888137246E-6
1.4047077456780244E-6
1.363782757834997E-6
8.150701432896312E-6
3.071679202548694E-6
8.889109608389845E-7
1.166305423794256E-6
9.911213055602275E-6
5.816489647259004E-6
3.3014478617587883E-7
4.3565077589846624E-7
1.8766756966215326E-6
1.2649724340008106E-5
2.051144974757335E-6
8.571312264393782E-7
1.516256020295259E-6
4.219130914862035E-6
8.050062092479493E-7
6.95329390509869E-7
6.797934588576027E-7
1.1738834473362658E-6
6.661832685495028E-7
3.1305733045883244E-6
9.336122843706107E-7
1.031969190989912E-6
1.5734125327071524E-6
3.6834942420682637E-6
1.1354416528774891E-5
2.711487638862309E-7
9.163356367025699E-7
6.989142207203258E-7
2.0776586495685478E-7
2.3351415165961953E-6
9.898171811073553E-6
4.1510972437208693E-7
2.075457086903043E-5
4.497904683375964E-6
4.116098352824338E-6
3.5909113194065867E-6
6.855604624433909E-6
4.067038844368653E-6
1.941789196280297E-5
6.080118737372686E-7
3.1557405577586906E-7
4.454810095921857E-6
1.7719560219120467E-6
6.199208542057022E-7
5.7816428125079256E-6
9.262849403057771E-7
2.429523419777979E-6
1.3637182973980089E-6
1.974303086171858E-5
3.5772955016000196E-6
1.4283931704994757E-5
7.303633992705727E-6
6.682047342110309E-7
6.422344540624181E-7
9.995058007916668E-7
1.5687365362282435E-7
3.240327259845799E-7
6.776677037123591E-5
8.902320587367285E-7
7.120074769773055E-7
3.5629041121865157E-6
7.787250979163218E-6
1.6814981336210622E-6
2.4919656880229013E-6
1.17297249744297E-5
2.2546607851836598E-6
2.9604093469970394E-6
7.451807846337033E-7
7.321268071791565E-7
2.5424088789804955E-7
4.369361249700887E-6
2.1711254305500916E-7
1.4932333215256222E-5
7.726002309027535E-7
5.145745944901137E-7
1.4448829688262776E-6
4.391071342979558E-6
1.6092586747618043E-6
6.036080435478652E-7
9.484987799623923E-7
6.077333978282695E-7
2.234024350400432E-6
6.510538241855102E-7
2.91906530947017E-6
2.904295797634404E-6
1.770689596014563E-5
6.625629822565315E-8
3.1217688228935003E-4
6.186183441059256E-7
1.6457237279610126E-6
7.082907700350916E-7
2.6505585992708802E-6
6.655889706053131E-7
2.75823003903497E-6
6.797344212827738E-6
9.0573396300897E-4
9.42284896154888E-6
7.831293942217599E-7
9.687976216810057E-7
1.423108756171132E-6
4.6160462829902826E-7
9.708364814287052E-7
9.061705895874184E-6
4.221507697366178E-5
0.0015128485392779112
3.0327149943332188E-5
1.5807985391802504E-6
2.2145659386296757E-6
3.006359293067362E-6
6.243076313694473E-6
0.015567402355372906
1.6248480960712186E-6
1.0394984201411717E-5
8.844334047353186E-7
9.82196070253849E-6
5.163490754966915E-7
2.429600272080279E-7
6.151818070065929E-6
2.4915686935855774E-7
2.9952091153973015E-6
6.300028871919494E-7
2.0875349946436472E-6
1.160107245823383E-7
8.17347699921811E-6
6.258394478209084E-7
1.4237284631235525E-5
1.8694138361752266E-6
7.21908861578413E-7
2.5323504360130755E-6
1.1564237865968607E-5
1.03511536053702E-6
6.79703725836589E-6
3.426723424126976E-6
6.156206654850394E-5
4.403029379318468E-6
3.255703632021323E-6
9.429198257748794E-7
1.147488887909276E-6
2.8829731490986887E-6
3.446380958394002E-7
2.296354614372831E-5
2.3908785351522965E-7
2.2429974251281237E-6
1.1929229515317274E-7
1.7973133026316646E-6
1.5238165360642597E-6
1.2271825653442647E-6
4.984880774827616E-7
1.8017489082922111E-6
5.182175755180651E-7
6.15291128269746E-7
2.0937895897077397E-6
3.2302824592989055E-7
5.169460450815677E-7
1.4123269238552894E-6
3.8593507269979455E-6
2.3006190019714268E-7
6.005373620610044E-7
3.374428160896059E-6
8.27693147584796E-4
2.613842298160307E-6
1.798070229597215E-6
1.0551948435022496E-6
4.595644131768495E-4
1.5559957319055684E-5
3.8107166346890153E-6
1.710364045948154E-7
2.4724556624278193E-7
1.4891820683260448E-6
2.9428786092466908E-6
4.1879743548634E-6
9.200501517625526E-5
1.071245264938625E-6
1.3352490668694372E-6
6.181343451316934E-6
1.2402406355249695E-6
1.0807287253555842E-5
2.8178899924569123E-7
1.8514856492402032E-6
4.2020599266834324E-7
1.0536626177781727E-5
7.224466116895201E-6
2.367816250625765E-6
1.9939138837798964E-6
5.067980964668095E-6
8.093060728242563E-7
1.2467423857742688E-6
4.1005088746715046E-7
1.144689804277732E-6
7.488987421311322E-7
1.1651441127469297E-6
3.946764991269447E-6
6.219821102604328E-8
7.752366855129367E-7
1.1022805210814113E-6
2.2258141143538523E-6
3.790933533309726E-6
1.2143254934926517E-6
2.639819513206021E-6
5.10078916704515E-6
4.291551931601134E-7
1.4770579582545906E-4
6.565454896190204E-6
2.1980926248943433E-5
5.507734499587968E-7
1.0895573723246343E-5
2.498688700143248E-4
1.276004513783846E-5
1.6769658941484522E-6
4.943213411934266E-7
6.325175945676165E-6
7.023236747727424E-8
8.752310804993613E-7
1.5763093585974275E-7
2.942734340649622E-7
0.0019740667194128036
0.001327352481894195
5.6490907809347846E-6
4.180206474302395E-7
6.408264425772359E-7
3.060922537656552E-8
4.5044026819596183E-7
1.0554083473834908E-6
5.170506369722716E-7
1.6148148915817728E-6
5.819680609420175E-6
1.637082618799468E-6
6.741518882336095E-5
2.1048458620498423E-6
0.006323581095784903
3.217320170278981E-7
1.3194156736062723E-6
0.9560855627059937
5.037913069827482E-6
1.8059014109894633E-5
9.36011019803118E-8
2.6164423161390005E-6
7.412108516291482E-6
1.1426308219597558E-6
0.9976581931114197
5.901093800275703E-7
2.8807033913835767E-7
1.436372599528113E-6
4.5142022031541273E-7
1.6557432900299318E-6
5.686464419341064E-7
7.297592929944585E-8
9.944159273800324E-7
2.26042948270333E-6
3.4169465834565926E-6
1.0329616770832217E-6
2.844107621058356E-5
1.0708102848866474E-7
4.109425333354011E-7
2.169161774645545E-7
5.088626639917493E-4
4.855766064792988E-7
7.76323850004701E-6
1.993353748730442E-7
1.970550158603146E-7
2.877347287721932E-5
6.236904937395593E-6
7.4278368629165925E-6
5.838875222252682E-5
2.956029675260652E-5
1.1210820503038121E-6
6.544289499288425E-5
6.312827167676005E-7
1.7057659533747938E-6
4.335585344961146E-6
3.29650788444269E-7
5.388893623603508E-5
1.3873600983060896E-4
1.712890025373781E-7
8.417625281254004E-7
8.265570504590869E-4
4.1579457388252195E-7
8.544444085600844E-7
1.1782752835642896E-6
7.552067415872443E-9
2.0326447156548966E-6
1.1251845677406891E-7
1.4769177880680218E-7
5.446931390906684E-5
0.9992485642433167
3.510300302878022E-6
1.7879674487630837E-5
1.8734000377662596E-6
4.556845669867471E-5
1.2375229516692343E-6
5.6406250337204256E-8
1.5717888891231269E-4
0.998637855052948
1.4553407368111948E-7
7.875821211200673E-6
6.8933909460611176E-6
3.205430232355866E-8
4.770091095451789E-7
5.989132205286296E-6
8.283762298333386E-8
1.7185178649015143E-6
2.4051329816643374E-8
1.5150823173826211E-6
0.9831297993659973
7.008132456576277E-7
1.0648732313711662E-6
1.0416647273814306E-4
0.0027610263787209988
9.170191219709523E-7
2.212007643720426E-7
2.9042098503850866E-7
8.135254574881401E-6
1.148811134044081E-5
2.0700795175798703E-6
1.4181014194036834E-5
2.501766630302882E-6
5.403040995588526E-5
2.215920976595953E-4
1.6200226582441246E-7
2.3563999275211245E-4
6.808467333030421E-6
6.05404181897029E-7
8.038801411203167E-7
2.375380863668397E-4
1.3748056517215446E-5
9.598446695235907E-7
2.1777696383651346E-4
8.386947456529015E-7
1.921483999467455E-6
2.3715732311302418E-7
1.4224367623683065E-4
5.554553581532673E-7
2.6315335617255187E-6
9.678886954134214E-7
7.429737820530136E-7
4.6686588461852807E-7
1.257951862498885E-5
5.890436796107679E-7
1.2948280527780298E-5
1.121334989306888E-7
7.266881993928109E-7
0.9687092900276184
4.858859483647393E-6
1.0649487194314133E-5
5.129661985847633E-6
2.2474700017482974E-5
3.81001632376865E-6
1.2410740600898862E-4
0.997879147529602
4.639234612113796E-5
3.114984428975731E-4
6.158279006740486E-7
5.879492164240219E-6
8.488931925967336E-4
2.754566992280161E-7
3.2779968250906677E-7
6.561149916706199E-7
7.317215931834653E-6
6.103116447775392E-6
4.686139902787545E-7
3.305392965557985E-5
9.985367796616629E-6
7.053234185150359E-6
8.968626207206398E-5
1.2082409739377908E-6
2.1681360067304922E-6
1.1416146298870444E-4
2.868852106985287E-7
1.034434149005392E-6
3.223205794711248E-6
6.008421678416198E-6
7.97095992766117E-7
1.0669882613001391E-5
4.163344856351614E-4
1.8305648552541243E-7
1.2807327642860855E-8
2.2358124169841176E-6
1.3933539548816043E-6
1.2755210264003836E-5
1.0347417855882668E-7
9.022022027238563E-7
2.1015994207118638E-6
2.928894673459581E-7
6.8677609306178056E-6
6.814221364948025E-7
2.2523361258208752E-4
1.981357627300895E-6
3.2696691050659865E-5
1.722814340610057E-5
8.7311497054543E-7
3.330358595121652E-6
5.113566658110358E-6
6.621227157665999E-7
2.664902183369122E-7
1.5723821707069874E-4
1.3086233593639918E-5
2.972130896523595E-4
3.914213664302224E-7
3.054140051972354E-7
2.4031339762586867E-6
1.836337673921662E-6
1.4450625167228281E-4
4.860096305492334E-5
5.711358141979872E-8
6.324811693048105E-5
2.3496470191730623E-7
1.1143512892886065E-5
4.962226967109018E-7
9.586102578396094E-7
2.534083023419953E-6
6.133882379799616E-7
3.7023855838924646E-5
1.626060293347109E-5
2.0213732568663545E-5
1.2194270766485715E-6
8.531597472938302E-7
1.3414145541901235E-5
0.9709637761116028
7.447888947353931E-6
9.654007044446189E-6
7.236421424750006E-6
5.5372122005792335E-5
1.0739980780272163E-6
1.0566568562353496E-5
2.1563000700552948E-6
3.1444903925148537E-6
1.4352508878801018E-4
2.253482534797513E-6
7.092867804203706E-8
2.0377339387778193E-4
1.9727971448446624E-5
5.8677287597674876E-5
1.6270274500129744E-5
8.171955983016232E-7
1.1327301763230935E-5
1.2666530437854817E-6
1.7367830196235445E-7
3.817944161710329E-6
1.1397605703677982E-6
2.3246525961440057E-4
3.85496946364583E-7
2.1260657376842573E-6
1.4041828762856312E-5
0.006656896322965622
1.3594574284070404E-6
5.211424181084112E-8
9.640899634177913E-7
1.2570220860652626E-5
2.96470602734189E-7
3.8428814264079847E-7
2.633812982821837E-6
9.260997103410773E-6
3.9643295167479664E-5
1.0356820894230623E-6
4.025086127512623E-6
4.1450181242908E-7
5.419075819190766E-7
7.498010381823406E-5
4.086894914507866E-4
1.4779655430174898E-5
4.530225510279706E-7
2.7162257083546137E-6
6.378448597388342E-5
2.2655251086689532E-5
5.198106919124257E-6
1.40246754654072E-7
1.58577153342776E-4
0.0010967891430482268
8.012156285985839E-6
7.35119465389289E-6
5.561940383813635E-7
7.527008165197913E-6
4.0351945790462196E-4
3.799020760197891E-7
5.9043177316198125E-5
1.2487868843891192E-5
1.0125244443770498E-5
6.532204679388087E-7
2.426182163617341E-6
4.796936991624534E-5
1.615767541807145E-5
4.3318126699887216E-5
4.0615750549477525E-6
1.9857029656122904E-6
1.4604901252823765E-6
1.5366405250460957E-6
2.2024696590960957E-5
1.891904304329728E-7
4.525849726633169E-5
7.522195346609806E-7
8.49874850246124E-5
5.903743840462994E-6
8.501552883899421E-7
5.244687417871319E-5
5.632427360069414E-7
1.5863321095821448E-5
5.8439495660422835E-6
3.971073238062672E-5
5.8712550526252016E-5
7.898181593191111E-7
9.06533337285964E-9
1.7195736290886998E-4
1.775476812326815E-5
1.1705294582498027E-6
1.2416554091032594E-4
6.954748823773116E-5
2.3167636697962735E-7
4.557544386329937E-8
2.8215444558554736E-7
7.678520887566265E-6
7.143021889532974E-7
8.739412464819907E-7
3.69986196346872E-6
2.1110849047545344E-5
4.975607339474664E-7
1.568544803376426E-6
4.394883490022039E-6
1.636216984479688E-5
0.00195942516438663
7.552447414127528E-7
2.1990149434714112E-7
6.586584640899673E-5
0.9882181286811829
3.5396676594245946E-6
7.609309250256047E-5
5.848357250215486E-5
1.0078573495775345E-6
7.98882138042245E-6
9.483488611294888E-6
4.736626522117149E-7
1.2073160905856639E-4
6.95250150783977E-7
1.8406431934181455E-7
2.3597580729983747E-4
4.5544371118921845E-7
1.264300237835414E-7
5.33277352587902E-6
1.1884245759574696E-4
3.957428305056965E-7
2.0526651496766135E-5
4.199054092168808E-5
1.4400205145648215E-5
3.1706554182164837E-7
3.0883177259966033E-6
4.1310355300083756E-5
2.208884779975051E-6
3.247452259529382E-4
1.507700108049903E-5
3.530944013618864E-5
2.5142342565231957E-5
3.3783868502723635E-7
6.800200026191305E-6
9.773642659638426E-7
1.241100108018145E-5
4.354079052859561E-8
0.9711350798606873
5.659070438923663E-7
1.8904981402556587E-7
3.304049300822953E-7
6.13359734416008E-4
3.1007135703475797E-7
8.481058102915995E-6
2.1846823017313E-7
6.637463957304135E-5
1.8405670516585815E-6
3.801776620093733E-5
4.208590689813718E-5
3.632199368439615E-4
1.9599714505602606E-5
3.0827734008198604E-5
7.269845809787512E-6
3.4556208561298263E-7
2.1872942852496635E-6
8.216985588660464E-5
0.997809886932373
1.0401125109638087E-5
1.2853534826717805E-5
3.4371034871583106E-6
2.5166204977722373E-6
2.1380534235504456E-5
3.612732598412549E-6
1.1347793815730256E-8
1.4375113823916763E-4
3.887779200795194E-7
6.144525173112925E-7
2.5408036208318663E-7
5.109362177790899E-7
1.267112384084612E-4
4.606627953762654E-6
2.6801052399605396E-7
6.494750550700701E-7
1.3587090563760285E-7
3.861388719883507E-8
3.204429231118411E-5
2.7089006835012697E-5
5.387675173551543E-6
4.00835087930318E-5
4.000490662292577E-6
3.9827611431064724E-7
3.748491872102022E-5
6.01852491399768E-7
1.082739527191734E-5
1.5060163605085108E-5
2.720729241900699E-7
2.789881909848191E-5
1.7279401021141894E-8
5.561560556088807E-6
5.063226637957996E-8
7.912100954854395E-6
1.3716169632971287E-5
2.097308424708899E-6
1.247371187673707E-6
1.3571423551184125E-5
5.110221991344588E-6
1.9207107015972724E-6
4.6071281190052105E-7
2.691950066946447E-5
6.021224908181466E-5
3.3482986054877983E-6
7.348010058194632E-7
0.999764621257782
4.430902720287122E-7
1.0791434590373683E-7
3.451482825767016E-6
3.7137974917555994E-9
2.7343376132193953E-6
1.1413884203648195E-4
2.2475423975265585E-6
1.7792865037336014E-5
7.112394541763933E-6
1.594585774000734E-5
0.9999200105667114
3.93336722481763E-6
1.2748973858833779E-6
7.81104674274502E-8
4.222379175189417E-7
4.023850578960264E-6
5.823419269290753E-5
1.4036217521606886E-7
1.2213166655783425E-7
3.591718950701761E-6
2.380226533205132E-6
0.9998319149017334
4.735693437396549E-6
3.394929080968723E-5
1.4700203792017419E-6
6.897517437209899E-7
3.4086027881130576E-5
8.134436029649805E-6
1.054270910572086E-6
6.551442055524603E-8
1.5430023267981596E-5
2.101402969856281E-6
8.998198097742716E-8
0.999902606010437
4.404899556220698E-8
1.596942456671968E-5
3.9906348092699773E-7
4.02371006202884E-6
2.202478526669438E-6
5.391895996353924E-8
1.853454887168482E-5
1.1257253390795086E-5
9.580364803696284E-7
1.0928553706435196E-7
7.214924835352576E-8
0.9959309697151184
1.1219350199098699E-5
1.8829662451480544E-7
9.876748663373291E-7
9.258200407202821E-6
1.3350116034871462E-7
1.3456166243486223E-6
1.1199951586604584E-5
2.5346348593302537E-6
2.3940650351050863E-8
1.030480323294114E-8
7.940246860016487E-7
0.9997430443763733
2.5423720018125096E-8
0.9998770356178284
3.0381088436115533E-6
1.2505468305334944E-7
2.2654564872937044E-6
3.178860879415879E-6
3.439925785642117E-5
1.2138591500843177E-6
1.1139096756096478E-7
1.623761924918199E-8
9.778964340512175E-7
1.7246514971702709E-6
1.0524212612494921E-8
6.979546185448271E-8
1.2844543562096078E-7
1.6150836756878562E-7
1.2702494700533862E-7
7.825730108379503E-7
2.2305832736435605E-9
2.3004613467492163E-6
5.083860514787375E-7
1.972367499547545E-6
5.683119184141106E-7
5.930572797296918E-7
4.9680203062507644E-8
1.2541470084670436E-7
5.389215971263184E-7
1.4575890645573963E-6
4.4533166487781273E-7
3.6206235787261676E-9
2.3583770314417052E-7
5.827196787322464E-7
5.463726360233068E-9
4.1014649809767434E-7
1.3216642855695682E-6
1.5062713600855204E-6
6.447253753094628E-8
1.9590893352017247E-9
6.229383870959282E-7
5.8385559498219664E-8
7.617331476694744E-8
9.0771843375137E-9
6.492420652648434E-6
2.931624294433277E-7
2.2643529007382313E-7
5.459349722514162E-6
2.4897230943565773E-9
1.0691682206243058E-8
1.876091992869533E-8
5.328476770927182E-9
4.5612655874549546E-9
2.6144164166908013E-8
2.556696632183275E-9
7.977395580383018E-5
9.004659773381718E-8
6.530211248900741E-5
1.599448040678908E-8
4.4693839740261865E-9
5.5070053406325314E-8
5.884969400682394E-9
5.97108007482916E-9
5.406642356042823E-10
7.204230545454493E-9
1.974614916022688E-9
2.158795808782088E-8
4.789099672386499E-10
9.77478542552035E-10
2.436345569734044E-9
8.175054411196925E-9
5.0477733104514755E-9
2.8527303783110192E-11
2.7827973215696633E-13
