Benzenoids
0.00912986695766449
0.014399290084838867
0.02668951079249382
0.017080292105674744
0.00746789388358593
0.007855365984141827
0.03516903519630432
0.03116717003285885
0.008493141271173954
0.020371628925204277
0.07965270429849625
0.026088539510965347
0.13867996633052826
0.030821150168776512
0.08726028352975845
0.01381732989102602
0.04263649508357048
0.004342956468462944
0.013559478335082531
0.04959791526198387
0.012801658362150192
0.12029688060283661
0.03222634270787239
0.041127584874629974
0.01930215209722519
0.05059610679745674
0.005363854113966227
0.08980043977499008
0.026397380977869034
0.010640677995979786
0.006063112523406744
0.029925774782896042
0.04530947282910347
0.0093429209664464
0.014812947250902653
0.08869215846061707
0.048679959028959274
0.033943552523851395
0.06714382022619247
0.02566768229007721
0.08626893162727356
0.08246289193630219
0.016179872676730156
0.0915590450167656
0.05782237648963928
0.04710850864648819
0.005085179582238197
0.04282601177692413
0.009778223931789398
0.011761515401303768
0.46966201066970825
0.17043250799179077
0.0472765788435936
0.017203424125909805
0.017947370186448097
0.00754748098552227
0.017484484240412712
0.029146920889616013
0.05312517657876015
0.037217266857624054
0.019608518108725548
0.018480323255062103
0.054355647414922714
0.10101599246263504
0.014104994013905525
0.06198965385556221
0.04422156885266304
0.14823047816753387
0.04806722328066826
0.009394780732691288
0.008379140868782997
0.07096673548221588
0.04928896576166153
0.005547976586967707
0.02952313981950283
0.03310094028711319
0.01688060536980629
0.00932029914110899
0.012660537846386433
0.05649375915527344
0.10468953102827072
0.1638542264699936
0.03750050812959671
0.012906832620501518
0.020148716866970062
0.007755550090223551
0.023341482505202293
0.06800879538059235
0.1360078901052475
0.041277896612882614
0.014773582108318806
0.02231702394783497
0.0317036472260952
0.01548051368445158
0.01635134592652321
0.003689628327265382
0.013878361321985722
0.013887478038668633
0.012862887233495712
0.07903920114040375
0.04373468458652496
0.03917607665061951
0.051804907619953156
0.0014707422815263271
0.10266141593456268
0.07762887328863144
0.01473440695554018
0.01262280996888876
0.05782432481646538
0.012843008153140545
0.023625599220395088
0.011722692288458347
0.006556735839694738
0.04113057628273964
0.0023530232720077038
0.015602960251271725
0.007575558498501778
0.028057755902409554
0.004496362991631031
0.03463965281844139
0.08458214998245239
0.005903130397200584
0.003751934738829732
0.12177043408155441
0.04217490553855896
0.009615919552743435
0.03550730645656586
0.004781912546604872
0.014139245264232159
0.17806769907474518
0.056401945650577545
0.797951877117157
0.1019987240433693
0.007358994800597429
0.05827024579048157
0.004070864990353584
0.033326029777526855
0.0437871478497982
0.022456014528870583
0.07507460564374924
0.04108373820781708
0.029874231666326523
0.01078107301145792
0.14025260508060455
0.029542764648795128
0.015848910436034203
0.06480284780263901
0.05976221337914467
0.035278722643852234
0.16334517300128937
0.015198319219052792
0.017607633024454117
0.004088057205080986
0.019496440887451172
0.02537752501666546
0.025205355137586594
0.09394246339797974
0.08735739439725876
0.021102800965309143
0.07515617460012436
0.03404489904642105
0.05573955550789833
0.021342404186725616
0.21062025427818298
0.05681705102324486
0.062406275421381
0.03154643625020981
0.033820636570453644
0.8499742746353149
0.009378015995025635
0.010345293208956718
0.043588872998952866
0.14173467457294464
0.03379576653242111
0.24151067435741425
0.01474530529230833
0.33081111311912537
0.021563224494457245
0.006443724501878023
0.01035778783261776
0.05181112140417099
0.11302778124809265
0.003936394117772579
0.7712826728820801
0.007166944909840822
0.020176580175757408
0.020725572481751442
0.8886255621910095
0.012802871875464916
0.8953418135643005
0.060772862285375595
0.014907792210578918
0.10074500739574432
0.046041376888751984
0.060518670827150345
0.025768950581550598
0.06179732456803322
0.03840360417962074
0.01416856050491333
0.03199732303619385
0.024035369977355003
0.2656972408294678
0.024390434846282005
0.003909111954271793
0.061045803129673004
0.053002048283815384
0.1194458156824112
0.005388844758272171
0.2331465482711792
0.07403408735990524
0.03940000385046005
0.10897225141525269
0.0019500101916491985
0.9240179657936096
0.02187744900584221
0.016798214986920357
0.014617575332522392
0.039327312260866165
0.04617370292544365
0.003269030712544918
0.08107293397188187
0.013812107034027576
0.03854791074991226
0.05314565449953079
0.07219552248716354
0.058696527034044266
0.15111465752124786
0.0675915777683258
0.028678154572844505
0.028479918837547302
0.003580190008506179
0.8839250802993774
0.6903566718101501
0.03155560791492462
0.08134938776493073
0.019484007731080055
0.29528018832206726
0.012382605113089085
0.018358970060944557
0.322511225938797
0.0453680083155632
0.002802468603476882
0.003495063167065382
0.03734857961535454
0.02640211023390293
0.010196364484727383
0.867013156414032
0.022175543010234833
0.007510216906666756
0.05346209183335304
0.4173148274421692
0.025563184171915054
0.027258634567260742
0.013680902309715748
0.026390820741653442
0.0753430500626564
0.012133284471929073
0.0280788354575634
0.2691529393196106
0.1699632853269577
0.0023739051539450884
0.03964941203594208
0.01364768948405981
0.0014096989762037992
0.004999691620469093
0.002178280847147107
0.026619957759976387
0.03596720099449158
0.04946226254105568
0.023427125066518784
0.008755863644182682
0.02831202559173107
0.052831076085567474
0.014494349248707294
0.02551424130797386
0.027792703360319138
0.0329451709985733
0.004984995350241661
0.1093020960688591
0.008626199327409267
0.034925032407045364
0.5295170545578003
0.04884076863527298
0.1385301798582077
0.033866655081510544
0.03206474334001541
0.0216868594288826
0.008480987511575222
0.5513246059417725
0.013265295885503292
0.027869198471307755
0.046601150184869766
0.002961997874081135
0.03647123649716377
0.017952365800738335
0.013117967173457146
0.43716976046562195
0.021828334778547287
0.015653055161237717
0.7922531962394714
0.01004990004003048
0.02848224900662899
0.8924180865287781
0.021136481314897537
0.009593396447598934
0.04048825427889824
0.037908390164375305
0.015515653416514397
0.3130596876144409
0.002567166229709983
0.016536924988031387
0.008297926746308804
0.022211642935872078
0.003036287147551775
0.383182168006897
0.01953822188079357
0.05816838517785072
0.05431484431028366
0.0025930574629455805
0.024206086993217468
0.05140868201851845
0.27753111720085144
0.024671513587236404
0.008768395520746708
0.010461907833814621
0.0943310335278511
0.0978761836886406
0.0138363903388381
0.009428043849766254
0.030575845390558243
0.06361480057239532
0.01385478489100933
0.001748590380884707
0.015190457925200462
0.05028891563415527
0.031244071200489998
0.016199342906475067
0.03459553420543671
0.028377557173371315
0.00771021144464612
0.05893285945057869
0.13493025302886963
0.05276007205247879
0.062133871018886566
0.009554306045174599
0.021069157868623734
0.05309386923909187
0.02930748090147972
0.004637374542653561
0.005439475178718567
0.016575749963521957
0.02134220115840435
0.09870769828557968
0.3410665988922119
0.019481893628835678
0.019878683611750603
0.06437918543815613
0.05917828902602196
0.06552254408597946
0.0038816018495708704
0.01294785924255848
0.018539637327194214
0.02168225310742855
0.36720457673072815
0.9247391223907471
0.01993461512029171
0.031228095293045044
0.048663970082998276
0.021809568628668785
0.013395659625530243
0.025472037494182587
0.04472585394978523
0.1103873997926712
0.0020888105500489473
0.014436728321015835
0.02554251067340374
0.01735416240990162
0.022502098232507706
0.003963775932788849
0.020741689950227737
0.03753313422203064
0.13095830380916595
0.011285734362900257
0.11371324956417084
0.005093549843877554
0.049890175461769104
0.02396395616233349
0.030222294852137566
0.012789827771484852
0.002471806015819311
0.021085770800709724
0.13936437666416168
0.08587981015443802
0.08855260908603668
0.03179854899644852
0.9001373052597046
0.03309045732021332
0.7867215871810913
0.02556466870009899
0.0075096492655575275
0.012851077131927013
0.03049064613878727
0.021232226863503456
0.032166462391614914
0.045187175273895264
0.06192860007286072
0.026346765458583832
0.05360235273838043
0.2161249965429306
0.008980300277471542
0.011589046567678452
0.021864313632249832
0.02264401689171791
0.02108113095164299
0.03635681793093681
0.02007855288684368
0.7137641310691833
0.016061894595623016
0.031729672104120255
0.012957311235368252
0.9495977759361267
0.002830312354490161
0.009875890798866749
0.013040109537541866
0.49555227160453796
0.0019411274697631598
0.023320725187659264
0.04128943011164665
0.036048125475645065
0.060300469398498535
0.004027595743536949
0.004275213927030563
0.013173036277294159
0.03237586095929146
0.2313501238822937
0.05852344259619713
0.056422460824251175
0.021982749924063683
0.006645881105214357
0.02278764545917511
0.06239284947514534
0.03430212661623955
0.8811367154121399
0.7820279598236084
0.6553733944892883
0.006821781396865845
0.222554549574852
0.022077953442931175
0.7649974226951599
0.002952845534309745
0.407676637172699
0.04863213002681732
0.07841362059116364
0.01853049360215664
0.04977323114871979
0.0036217235028743744
0.017971307039260864
0.01540686096996069
0.017363179475069046
0.01767592504620552
0.009802411310374737
0.06493471562862396
0.9220482110977173
0.6223016977310181
0.032493285834789276
0.036216143518686295
0.0440039224922657
0.5206350088119507
0.02992733009159565
0.41178998351097107
0.010808269493281841
0.8782207369804382
0.015387255698442459
0.3452152609825134
0.015178937464952469
0.024067936465144157
0.03542951121926308
0.017223481088876724
0.038220882415771484
0.01887647993862629
0.006824797485023737
0.02372203767299652
0.018944978713989258
0.017516259104013443
0.5711773633956909
0.018568703904747963
0.018705766648054123
0.03706907108426094
0.007839619182050228
0.0014474958879873157
0.002705030143260956
0.07107528299093246
0.17923198640346527
0.027673067525029182
0.561357319355011
0.0026178674306720495
0.0011122929863631725
0.007908306084573269
0.013832718133926392
0.8052501678466797
0.010162043385207653
0.03238039091229439
0.04053731635212898
0.03039451315999031
0.11582078784704208
0.0187046080827713
0.00425011245533824
0.08784669637680054
0.014761366881430149
0.014312922954559326
0.09705789387226105
0.0014346810057759285
0.02450813353061676
0.017887204885482788
0.023352166637778282
0.0029304353520274162
0.03602034971117973
0.9121541976928711
0.03173832222819328
0.0014194234972819686
0.01203185971826315
0.021240953356027603
0.4035455882549286
0.010660776868462563
0.3652333915233612
0.00365871237590909
0.07467465102672577
0.027301102876663208
0.02774934284389019
0.0026647394988685846
0.4895058870315552
0.0023644552566111088
0.011990736238658428
0.025438886135816574
0.007594702765345573
0.6161121129989624
0.014466519467532635
0.004402950406074524
0.024136260151863098
0.2712487280368805
0.00495274318382144
0.02331470511853695
0.25875261425971985
0.02442825958132744
0.014851934276521206
0.014436193741858006
0.0058293468318879604
0.024532433599233627
0.0520024448633194
0.014164140447974205
0.03321859613060951
0.01404744666069746
0.8599199652671814
0.005628365557640791
0.5647657513618469
0.4914737641811371
0.030666276812553406
0.06731633096933365
0.03797605261206627
0.014414288103580475
0.9302409887313843
0.0017729152459651232
0.9186001420021057
0.017692331224679947
0.5303813815116882
0.6573529839515686
0.5532400608062744
0.0748506411910057
7.646519807167351E-4
0.016813460737466812
0.03265959769487381
0.03906726837158203
0.005182985682040453
0.010721619240939617
0.8324982523918152
0.8596100807189941
0.8602221608161926
0.0023066424764692783
0.015397992916405201
0.025970065966248512
0.051318760961294174
0.012995983473956585
0.0026704438496381044
0.8523263931274414
0.007824277505278587
0.005646044854074717
0.08117669820785522
0.034855037927627563
0.717271625995636
0.011982981115579605
0.08428317308425903
0.9428700804710388
0.06281819939613342
0.01007638219743967
0.005883790552616119
0.08387381583452225
0.7473211884498596
0.01273292675614357
0.02982686273753643
0.9134150147438049
0.005345133598893881
0.0026800238993018866
0.0051531861536204815
0.013280521146953106
0.020003791898489
0.02357303351163864
0.03334575518965721
0.006295421626418829
0.9597417116165161
0.03777935728430748
0.05007440596818924
0.006362523417919874
0.003977304324507713
0.011828538030385971
0.0015980458119884133
0.001657243468798697
0.942347526550293
0.029014209285378456
0.013381192460656166
0.6942101716995239
0.2183094024658203
0.49622371792793274
0.019490307196974754
0.030272724106907845
0.011083997786045074
0.14017482101917267
0.0322999469935894
0.004006810020655394
0.7551548480987549
0.039007630199193954
0.9483073949813843
0.7105425596237183
0.012218783609569073
0.013475913554430008
0.9495347142219543
0.02301400899887085
0.05125335603952408
0.02973046340048313
0.003431124845519662
0.023903194814920425
0.022326640784740448
0.005571580491960049
0.09028518199920654
0.0018560347380116582
0.0034515114966779947
0.9623905420303345
0.22505611181259155
0.9157456159591675
0.002496162662282586
0.022661561146378517
0.3175737261772156
0.09545998275279999
0.019132863730192184
0.012250971049070358
0.4701969027519226
0.0034802258014678955
0.01230702642351389
0.0020083847921341658
0.006926644593477249
0.0063177840784192085
0.026055749505758286
0.05664847791194916
0.9252861142158508
0.01920526847243309
0.021033063530921936
0.8946486711502075
0.9491047859191895
0.06258844584226608
0.008406157605350018
0.008462123572826385
0.002931376686319709
0.00860941968858242
0.10216494649648666
0.7494337558746338
0.3462730646133423
0.44585925340652466
0.8118225336074829
0.011603392660617828
0.0364861860871315
0.6543446779251099
0.0033847647719085217
0.0025620837695896626
0.7550885081291199
0.07456590235233307
0.031136173754930496
0.035566262900829315
0.014762487262487411
0.03439422324299812
0.002940163016319275
0.9197955131530762
0.006268484517931938
0.08356355875730515
0.18358749151229858
0.005302820820361376
0.0015166443772614002
0.0034431698732078075
0.08349534869194031
0.027202675119042397
0.008184920996427536
6.56151445582509E-4
0.9721051454544067
0.01884944550693035
0.037084951996803284
0.0010339044965803623
0.007967119105160236
0.016231069341301918
0.9427134990692139
0.08698200434446335
0.028366580605506897
0.024429885670542717
0.02796132117509842
0.9786995053291321
0.9477155208587646
0.07533569633960724
0.004285926930606365
0.8171553015708923
0.08099237829446793
0.027308115735650063
0.014874032698571682
0.011035943403840065
0.030472075566649437
0.0042588417418301105
0.004556423984467983
0.019982285797595978
0.9751111268997192
0.012606063857674599
0.6582174301147461
5.364083917811513E-4
0.008100985549390316
0.9054051637649536
0.0012905431212857366
0.011189306154847145
0.9696246981620789
0.010263947769999504
0.012094685807824135
0.05125684291124344
0.03717813268303871
0.9887938499450684
0.011880362406373024
0.046389736235141754
0.021203121170401573
0.01093033142387867
0.04306139051914215
0.02486613392829895
0.7645843029022217
0.07983061671257019
0.945836067199707
0.023457452654838562
0.028404396027326584
0.04059133678674698
0.08318272233009338
0.016658881679177284
0.009640608914196491
0.9674244523048401
0.969651460647583
0.007208560593426228
0.00961938127875328
0.04211690276861191
0.005263128783553839
0.5953942537307739
0.03025904856622219
0.09519046545028687
0.0025248622987419367
0.12546510994434357
0.015298396348953247
0.9614777565002441
0.006441211327910423
0.0033494189847260714
0.015558215789496899
0.028474699705839157
0.08001257479190826
0.058226801455020905
0.7952767014503479
0.038329798728227615
0.041163261979818344
0.7783461213111877
0.9571655988693237
0.7116069793701172
0.0417921245098114
0.006490480620414019
0.0038674515672028065
0.030199389904737473
0.910703718662262
0.007714107632637024
0.994037926197052
0.8502290844917297
0.02726477012038231
0.004022388253360987
0.8390457630157471
0.020106526091694832
0.04732762277126312
0.9657588005065918
0.007726789452135563
0.506266713142395
0.9771258234977722
0.009321777150034904
0.9924071431159973
0.03239016234874725
0.9747384786605835
0.019891655072569847
7.717181579209864E-4
0.8343369960784912
0.7440406680107117
0.03071182779967785
0.0017385684186592698
0.008989556692540646
0.9901314973831177
0.0023427559062838554
0.7584818601608276
0.0012048878706991673
0.0037647897843271494
0.9659260511398315
0.5420024991035461
0.02013733610510826
0.18822914361953735
0.007370306178927422
0.005397099535912275
0.8815378546714783
0.019350199028849602
0.0025855940766632557
0.020266616716980934
0.8227003812789917
0.9404311776161194
0.38709619641304016
0.06937651336193085
0.9649611711502075
0.028021076694130898
0.01784440129995346
0.43982088565826416
0.0011632012901827693
0.9831148982048035
0.8158329129219055
0.00902385450899601
0.9349920749664307
0.9095638394355774
0.07088123261928558
0.028429921716451645
0.006056275684386492
0.747040331363678
0.005927656311541796
0.9367659091949463
0.0022020568139851093
0.98566073179245
0.03902948647737503
0.4747450351715088
0.9575313925743103
0.01950225792825222
0.9312419891357422
0.05167241394519806
0.013798528350889683
0.01985211856663227
0.01478002779185772
0.9268831014633179
0.008325044065713882
0.7778893709182739
0.9543396830558777
0.004519348964095116
0.011252129450440407
0.0017514921491965652
0.0036958809942007065
0.8646533489227295
0.9599831104278564
0.002990760374814272
0.9605169892311096
0.9459717869758606
0.9986294507980347
0.0024295824114233255
0.0072057778015732765
0.8824561238288879
0.0275017898529768
0.9862498044967651
0.898467481136322
0.9102067351341248
0.9807273149490356
0.0018565154168754816
0.9365450739860535
0.012308284640312195
0.4432094097137451
0.015293754637241364
0.01781271956861019
0.9421579241752625
0.8200937509536743
0.8728227615356445
0.9728198051452637
0.509227454662323
0.0253128781914711
0.011992886662483215
0.6846752762794495
0.9650639295578003
0.9697242975234985
0.9530115127563477
0.009914497844874859
0.625020444393158
0.9671773910522461
0.07709735631942749
0.8982966542243958
0.985482931137085
0.9658202528953552
0.2292885184288025
0.9612917304039001
0.6646655201911926
0.001794378855265677
0.008348056115210056
0.9611051082611084
0.9727991819381714
0.553945779800415
0.9605597257614136
0.7742233872413635
0.9583942294120789
0.012148424051702023
0.9304468035697937
0.001249601598829031
0.9561361074447632
0.0036069240886718035
0.9716752767562866
0.011563185602426529
0.017422586679458618
0.006526220124214888
0.9589754939079285
0.01941969059407711
0.028077462688088417
0.007286629173904657
0.0032693769317120314
0.03454083949327469
0.2561051845550537
0.004442743491381407
0.9846584796905518
0.004025885369628668
0.9805683493614197
0.9626011848449707
0.012029267847537994
0.9713605046272278
0.959688663482666
0.9539733529090881
0.9602086544036865
0.9459618926048279
0.01042151264846325
0.012935261242091656
0.9742850065231323
0.903985857963562
0.001742074848152697
0.9768167734146118
0.025912189856171608
0.005542231258004904
0.0039362357929348946
0.9235391616821289
0.8008891344070435
0.007947335951030254
0.01570173166692257
0.6503772139549255
0.00639055110514164
0.9779843688011169
0.8934075236320496
0.9906886219978333
0.05326537415385246
0.9596702456474304
0.4009090065956116
0.8634467124938965
0.0024878541007637978
0.03248104080557823
0.9785960912704468
0.9823621511459351
0.0026731458492577076
0.9759549498558044
0.0012633526930585504
0.9571835398674011
0.0010898353066295385
0.9418471455574036
0.9485130310058594
0.9509009718894958
0.0020512130577117205
0.052797913551330566
0.9260822534561157
0.7755253314971924
0.010279536247253418
0.8960329294204712
0.021156668663024902
0.9814176559448242
0.006869925651699305
0.002460307441651821
0.015334968455135822
0.002220701891928911
0.9921567440032959
4.53042215667665E-4
0.991473913192749
0.08690062165260315
0.00527930399402976
0.9940556287765503
0.023699574172496796
0.9584255218505859
0.0016040800837799907
0.2428426891565323
0.4978623390197754
0.9707925915718079
0.9473425149917603
0.9633839130401611
0.014134219847619534
0.008176635950803757
9.731160243973136E-4
0.9877623915672302
0.8296170830726624
0.019853752106428146
0.01663879305124283
0.00209242501296103
0.010843808762729168
0.9856767654418945
0.019918689504265785
0.2104242593050003
0.9892779588699341
0.006153848022222519
0.9814032316207886
0.9819923639297485
0.0051508815959095955
0.056329336017370224
8.834403706714511E-4
0.07594914734363556
0.9424489140510559
0.8745894432067871
0.9763690233230591
0.25495749711990356
0.00658266618847847
0.9453385472297668
0.007493305951356888
0.0065581356175243855
0.9948022961616516
0.9557536840438843
0.007101436145603657
0.9802418351173401
0.012884058989584446
0.9721934795379639
0.9787163734436035
0.95974200963974
0.7925131320953369
0.9789159893989563
0.0039005663711577654
0.004072466399520636
0.0019140796503052115
0.01629210263490677
0.0013896767050027847
0.02776266261935234
0.9936853647232056
0.9814966320991516
0.9956049919128418
0.00252691307105124
0.9990292191505432
0.11953088641166687
0.0024516084231436253
0.0012280159862712026
0.9845083951950073
0.9697282314300537
0.9510056972503662
0.9337613582611084
0.9776782393455505
0.016113391146063805
0.9509403705596924
0.9427543878555298
5.589288775809109E-4
0.02074500359594822
0.9959233999252319
0.16241294145584106
0.9892891645431519
0.976388692855835
0.0014875630149617791
0.968493640422821
0.9960121512413025
0.9883586168289185
0.9891055226325989
3.491308889351785E-4
0.0013501460198312998
0.9917408227920532
5.007046274840832E-4
0.9946996569633484
0.9797540307044983
1.6466992383357137E-4
0.9977909326553345
8.271328988485038E-4
0.00880245678126812
0.9850981831550598
0.9903379678726196
0.0045164162293076515
0.9884331226348877
0.9891213774681091
0.9935287833213806
0.9912568926811218
0.0013940139906480908
0.992064893245697
0.9744404554367065
0.9804011583328247
6.887237541377544E-4
0.9779020547866821
0.996833324432373
0.9910265803337097
0.00669615576043725
0.9918403625488281
0.9792964458465576
0.9994279742240906
0.998781681060791
0.9995625615119934
0.9876859784126282
0.9999632835388184
0.9965915083885193
0.9978548884391785
0.9980013370513916
0.9963230490684509
0.998254656791687
0.9990345239639282
0.9940118789672852
0.9936875104904175
0.9999527931213379
0.999998152256012
