Lipids and lipid-like molecules
0.004370125476270914
0.0010626952862367034
2.290767151862383E-4
7.540025399066508E-4
3.633052110671997E-4
0.0068648811429739
5.148269701749086E-4
0.0028050898108631372
7.769294898025692E-4
4.3932258267886937E-4
2.1595154248643667E-4
0.00129858055151999
3.1322622089646757E-4
1.7655862029641867E-4
2.6330308173783123E-4
4.772375978063792E-4
3.8268661592155695E-4
0.019503196701407433
0.0031519168987870216
3.346625017002225E-4
0.12515711784362793
2.5999086210504174E-4
2.5391101371496916E-4
5.967059405520558E-4
6.428326014429331E-4
0.0010675317607820034
0.020708564668893814
2.685798390302807E-4
1.46586520713754E-4
6.198137998580933E-4
0.009845037944614887
0.003170551499351859
0.001031750114634633
0.06652487069368362
0.0025221877731382847
2.438241062918678E-4
8.544320007786155E-4
0.006077416241168976
6.847147597000003E-4
7.322186720557511E-4
8.661928004585207E-4
9.783696150407195E-4
0.008856378495693207
3.387904725968838E-4
3.5094688064418733E-4
0.0014569832710549235
0.01180385984480381
1.813849958125502E-4
5.954709486104548E-4
0.017810657620429993
3.771568590309471E-4
0.0014448362635448575
0.0021410146728157997
1.4026726421434432E-4
0.0069582718424499035
0.014126488007605076
0.0036468731705099344
8.163742604665458E-4
3.0126486672088504E-4
0.0016536748735234141
0.0014711522962898016
3.8032341399230063E-4
2.6971817715093493E-4
6.796113302698359E-5
0.007650477811694145
0.002613465767353773
0.0015472988598048687
0.0017329645343124866
0.0013560729566961527
0.001533740432932973
4.5648030936717987E-4
1.6968685667961836E-4
0.1876497119665146
0.24615494906902313
5.645487108267844E-4
6.874024984426796E-4
0.020215459167957306
0.831013560295105
0.08774551004171371
0.0011099418625235558
0.00401724549010396
0.00104713742621243
7.402932969853282E-4
4.894775920547545E-4
3.4626692649908364E-4
0.24544915556907654
0.010450401343405247
3.172090800944716E-4
0.008417513221502304
0.022967137396335602
8.839569636620581E-4
7.289701607078314E-4
0.0010418780148029327
0.4800431728363037
0.03195604309439659
0.28406044840812683
8.261317270807922E-4
8.119450649246573E-4
9.575570584274828E-4
1.5204123337753117E-4
2.922208805102855E-4
3.605501842685044E-4
2.7378974482417107E-4
0.00484895147383213
7.892640132922679E-5
6.923341425135732E-4
8.420441881753504E-4
3.0843718559481204E-4
1.6695114027243108E-4
9.499993757344782E-4
0.0025913522113114595
0.004923059605062008
0.5576143860816956
0.0036814003251492977
0.024754786863923073
3.377441316843033E-4
0.08258383721113205
0.0033259049523621798
0.048074450343847275
0.047148801386356354
3.287419385742396E-4
2.4154105631168932E-4
0.24763627350330353
0.002567338990047574
3.0053421505726874E-4
0.007177085615694523
3.2684902544133365E-4
0.013791297562420368
0.003910115920007229
0.5642092227935791
0.013850304298102856
0.018955647945404053
1.0418168676551431E-4
0.2597857415676117
0.04373931139707565
0.0011219887528568506
8.312329300679266E-4
5.942229763604701E-4
0.3866429328918457
3.2407959224656224E-4
5.540635902434587E-4
0.08177360147237778
0.024929020553827286
5.8131008700001985E-5
0.007635517045855522
0.2707498371601105
3.671827435027808E-4
2.6673515094444156E-5
0.001505273045040667
0.007866264320909977
0.002461515599861741
5.563638987950981E-4
0.06912421435117722
6.785191362723708E-4
7.606289000250399E-4
0.001230594702064991
3.240771475248039E-4
4.671918577514589E-4
2.679060271475464E-4
7.23975317669101E-5
7.562617538496852E-4
3.8750257226638496E-4
3.182158397976309E-4
0.0020621616858989
1.6368260548915714E-4
3.2586854649707675E-4
0.0017825826071202755
7.599848322570324E-4
0.004035919439047575
0.24659503996372223
0.10179870575666428
0.2631712555885315
3.694979823194444E-4
0.0015403368743136525
0.42306357622146606
0.012332850135862827
4.373762058094144E-4
0.041344333440065384
0.42294180393218994
6.586266681551933E-4
0.001253090100362897
6.26968321739696E-5
0.26461905241012573
6.518687587231398E-4
6.825141026638448E-4
0.004922325257211924
0.0015548793599009514
0.0014004305703565478
0.023096803575754166
0.008396808989346027
0.019607895985245705
0.03194180130958557
0.09486089646816254
0.2755591869354248
5.750791751779616E-4
3.6260351771488786E-4
0.0036281398497521877
0.0017944244900718331
0.004698926117271185
0.0017777768662199378
5.288044339977205E-4
9.610670967958868E-4
0.401694655418396
0.013443803414702415
6.643953383900225E-5
0.0014221962774172425
6.847516051493585E-4
5.579874850809574E-4
0.002763096010312438
8.540701819583774E-4
0.0061086323112249374
0.07323864102363586
0.00142609269823879
0.0018478530691936612
0.002044027205556631
7.015775190666318E-4
0.0244443342089653
5.051251500844955E-4
9.113354026339948E-4
0.0020900920499116182
0.001139430096372962
0.6809566020965576
0.13623584806919098
2.4953653337433934E-4
0.32137441635131836
0.16925403475761414
0.018801318481564522
2.1507237397599965E-4
0.0012773707276210189
0.012063023634254932
0.1728801727294922
7.599155651405454E-4
0.004571232479065657
0.0014762550126761198
5.529560730792582E-4
3.0352710746228695E-4
0.01214914582669735
0.8791009187698364
0.0014424448600038886
0.025016890838742256
0.0013261527055874467
0.27830594778060913
0.5448492169380188
0.0015941697638481855
3.151782730128616E-4
0.5756767988204956
0.0037934277206659317
0.0977550745010376
0.006884971633553505
7.460437482222915E-4
2.322358195669949E-4
0.12373298406600952
5.355170578695834E-4
4.776075656991452E-4
7.127789431251585E-4
0.010068976320326328
0.3028554916381836
0.12303633987903595
0.014229200780391693
0.0015319326194003224
0.0011448364239186049
0.00226565171033144
0.23254922032356262
0.42133039236068726
0.25225532054901123
0.4927077293395996
5.420271772891283E-4
0.0013126515550538898
5.255052237771451E-4
3.832200600299984E-4
0.8201163411140442
0.01244866382330656
8.777939947322011E-4
0.308685839176178
0.4987550973892212
0.5229132771492004
3.29575123032555E-4
0.5333300828933716
0.09021866321563721
0.005972557235509157
0.06304457038640976
0.004767790902405977
0.32410022616386414
3.3755815820768476E-4
3.455317346379161E-4
0.03303489089012146
0.0019971784204244614
3.5796393058262765E-4
0.6729130744934082
0.011964299716055393
0.5921770334243774
0.0011743487557396293
0.47045567631721497
0.0024711976293474436
0.05810392275452614
9.581482736393809E-4
0.6048704385757446
4.1710081859491765E-4
0.8656847476959229
0.0010120886145159602
8.931622141972184E-4
0.002667998196557164
0.008419918827712536
0.21378952264785767
0.4494909942150116
0.0012479887809604406
3.903225588146597E-4
0.09869803488254547
0.0020985102746635675
0.6746721863746643
0.6241939067840576
0.06207319349050522
0.018030405044555664
0.026022950187325478
0.0013627748703584075
0.43430647253990173
0.2671392261981964
0.0016643705312162638
0.669232189655304
0.002056683646515012
4.6014852705411613E-4
0.16420021653175354
6.080843158997595E-4
0.06023891270160675
0.2142096906900406
2.950648486148566E-4
6.711268797516823E-4
0.0438566617667675
0.5869830250740051
2.600971783977002E-4
2.2065195662435144E-4
0.05783682316541672
7.264727028086782E-4
4.906501271761954E-4
0.10789921879768372
4.035008605569601E-4
0.06635544449090958
4.880660562776029E-4
0.815815269947052
0.001179987913928926
0.0026933650951832533
6.969715468585491E-4
3.3279991475865245E-4
0.006737658753991127
4.6837329864501953E-4
0.4596911668777466
0.017467280849814415
2.737862814683467E-4
0.8595761656761169
0.026662157848477364
7.171747856773436E-4
0.008063415065407753
0.0699656680226326
0.0016310702776536345
3.374519874341786E-4
3.3724826062098145E-4
9.80054959654808E-4
2.3005403636489064E-4
2.3718579905107617E-4
0.9062525629997253
0.3466063439846039
3.1772846705280244E-4
0.006646444089710712
0.1488916128873825
0.0012935757404193282
0.34524354338645935
9.945064084604383E-4
4.178998351562768E-4
0.6547005772590637
0.07909590005874634
3.2015112810768187E-4
0.13103437423706055
9.660462965257466E-4
0.7113088369369507
0.007113628555089235
0.0017513562925159931
8.58351937495172E-4
2.4847869644872844E-4
0.8080519437789917
0.5224180221557617
0.0014120624400675297
2.5251132319681346E-4
0.04805668815970421
7.856182055547833E-4
6.147481617517769E-4
9.752923506312072E-4
2.372767630731687E-4
5.474846111610532E-4
0.03154328092932701
0.1496877819299698
0.07052931934595108
0.06879263371229172
2.2937070752959698E-4
0.03451941907405853
2.7251322171650827E-4
0.0030072019435465336
0.054465822875499725
0.018670110031962395
4.381387261673808E-4
0.0018065955955535173
0.8613796234130859
0.0022405146155506372
2.6985188014805317E-4
0.001114231999963522
0.004471269901841879
1.5021080616861582E-4
0.013770864345133305
0.0011227132054045796
0.020698461681604385
0.0036414714995771646
0.21035794913768768
2.7120349113829434E-4
2.3863768728915602E-4
3.977667656727135E-4
5.800759536214173E-4
0.0014101387932896614
7.909460691735148E-4
4.7501330845989287E-4
0.001835004659369588
0.1147550418972969
0.001004249439574778
0.09310709685087204
0.23834501206874847
6.902627064846456E-4
0.004537613596767187
0.3876800835132599
2.4400166876148432E-4
5.937152891419828E-4
3.8314959965646267E-4
2.4419359397143126E-4
5.170668009668589E-4
0.6708776354789734
6.111774127930403E-4
0.05405101552605629
3.340477996971458E-4
0.017601490020751953
7.51385377952829E-5
2.579762658569962E-4
0.931236743927002
2.4941310402937233E-4
0.05944078043103218
0.001474198536016047
1.2915514525957406E-4
0.07989789545536041
1.8214690499007702E-4
0.4701688587665558
0.012141571380198002
2.7807714650407434E-4
0.29335731267929077
0.02244936116039753
0.08222576975822449
0.0019370818044990301
0.04071903973817825
0.11500732600688934
0.0011298933532088995
0.0415654219686985
0.003966726828366518
4.2789120925590396E-4
0.4502418339252472
0.003344334661960602
0.07268626242876053
0.0010625234572216868
3.5834641312249005E-4
6.051998934708536E-4
0.0014234320260584354
0.7588437795639038
0.001073240302503109
0.6043680310249329
9.158382890745997E-4
0.027395136654376984
0.052567217499017715
0.0025067906826734543
4.461495846044272E-4
0.004599317908287048
6.405357271432877E-4
6.420310237444937E-4
0.06516171246767044
0.009773065336048603
8.917003870010376E-4
0.004304050002247095
0.6097949147224426
0.09358019381761551
0.006649781484156847
4.463590157683939E-4
0.0015237891348078847
0.8489466905593872
4.43656841525808E-4
0.0022074957378208637
0.5348347425460815
0.0028914008289575577
0.431711882352829
1.8811144400388002E-4
0.0016464771470054984
0.8036572933197021
0.14051486551761627
0.8845770955085754
0.19538530707359314
0.0616593174636364
0.009957415983080864
7.458197069354355E-4
0.1935039609670639
0.0012641465291380882
7.072746520861983E-4
0.5571088194847107
0.010635195299983025
0.21789422631263733
0.8679358959197998
0.032764144241809845
0.007971258834004402
0.07434812188148499
0.15694257616996765
0.010643103159964085
0.0162519421428442
0.008153026923537254
0.0028583062812685966
0.9366733431816101
0.0016427995869889855
0.008028236217796803
0.012589198537170887
0.9077115058898926
0.7368782162666321
0.0031754118390381336
7.981490343809128E-4
0.5445117950439453
0.29905927181243896
0.16725917160511017
3.599323390517384E-4
0.3003523051738739
0.0019952175207436085
0.9005603194236755
0.006784495431929827
0.019885793328285217
0.16211341321468353
0.20079611241817474
0.1280638724565506
0.005935412831604481
0.18371009826660156
0.010247547179460526
0.07942289113998413
8.202919270843267E-4
0.8667425513267517
0.9156898856163025
0.29975417256355286
0.18833455443382263
0.23972374200820923
0.45681849122047424
0.8437320590019226
0.009121325798332691
8.706802618689835E-4
0.17659404873847961
0.02706610970199108
0.043110448867082596
0.0014836386544629931
0.8344550132751465
0.802464485168457
0.22654329240322113
0.001007641083560884
0.002143729943782091
1.5242777590174228E-4
0.006839393172413111
0.0017845159163698554
5.973951192572713E-4
0.05199749395251274
0.007822330109775066
0.015481832437217236
9.712906903587282E-4
0.012453245930373669
0.005229084752500057
0.09751734882593155
0.35633933544158936
0.025452014058828354
0.23158937692642212
0.890932023525238
0.9472342729568481
9.061098098754883E-4
8.947065798565745E-4
0.00854266807436943
0.004143953789025545
0.010836543515324593
0.002099120058119297
0.9060373902320862
0.595434308052063
0.03817085176706314
0.24178604781627655
0.818221390247345
0.7810817956924438
0.3702128529548645
0.0014372189762070775
0.0010261229472234845
0.007183230482041836
0.6380994319915771
5.004381528124213E-4
0.058056317269802094
0.2865290343761444
0.9334659576416016
6.035864353179932E-4
0.017803989350795746
0.0013244879664853215
0.10576222836971283
0.8224188089370728
0.13662877678871155
0.8301221132278442
0.9424477219581604
0.003559189848601818
0.01194409653544426
0.009170236065983772
0.001629911712370813
0.0014530691551044583
7.812600233592093E-4
0.13897553086280823
0.003702318063005805
0.009692435152828693
0.12333284318447113
0.07065264135599136
0.006211685482412577
0.032422978430986404
0.0036933845840394497
0.03361699730157852
0.4891167879104614
0.0030307553242892027
0.022142959758639336
0.2561645805835724
0.8714916706085205
0.19390331208705902
0.16443456709384918
6.620766362175345E-4
0.0010315494146198034
0.47958630323410034
4.539783694781363E-4
0.04050927609205246
8.736042946111411E-5
1.786237844498828E-4
0.006016572937369347
0.15356121957302094
0.0010802706237882376
0.010940960608422756
2.2309948690235615E-4
7.597074727527797E-5
0.0015773631166666746
0.1353822946548462
0.6346736550331116
0.06741219013929367
0.001256790361367166
0.0683646872639656
0.8546949028968811
0.001222713734023273
0.9326487183570862
0.044839534908533096
0.07904848456382751
0.07051092386245728
0.005192579701542854
0.3676523268222809
0.8581379055976868
0.6994195580482483
0.05382905900478363
0.10598548501729965
0.20601795613765717
0.14243999123573303
0.11758779734373093
0.6896775960922241
4.118029901292175E-4
0.6700351238250732
7.533106254413724E-4
0.19517745077610016
0.01832197979092598
0.0015410331543534994
7.47506448533386E-4
0.16260825097560883
0.9764931797981262
0.9379856586456299
0.7182201147079468
0.7156542539596558
0.006137963850051165
0.0014018855290487409
0.027051152661442757
0.006721974816173315
0.0016415475402027369
0.7156379222869873
0.05583352968096733
0.002197272377088666
0.6780757904052734
0.06932739168405533
4.056995385326445E-4
7.847888628020883E-4
0.1093653216958046
0.07217992097139359
8.00757494289428E-4
0.001734631136059761
0.764308512210846
0.0010672184871509671
0.8424766659736633
0.1416749656200409
0.028340527787804604
0.010864823125302792
0.02055220678448677
0.6803931593894958
0.706200122833252
0.19980105757713318
0.8095975518226624
0.014186276122927666
0.0013905740343034267
0.021041834726929665
0.0012066198978573084
0.024231137707829475
0.7819797396659851
0.93253093957901
0.0011911648325622082
0.11766156554222107
0.9365594387054443
0.5208371877670288
0.00822696927934885
0.0011453306069597602
0.00154766789637506
3.6693119909614325E-4
0.9241166710853577
0.011048822663724422
0.10409233719110489
0.01998160220682621
0.016817227005958557
0.10280970484018326
2.4519854923710227E-4
0.47343817353248596
0.4993125796318054
0.9370614886283875
2.705857914406806E-4
0.4891846477985382
0.8866499066352844
0.08925152570009232
0.9715173244476318
3.90898174373433E-4
0.015425522811710835
0.0023614992387592793
3.3003726275637746E-4
0.6161600947380066
6.481154705397785E-4
2.6916098431684077E-4
9.893677633954212E-5
0.0017714995192363858
0.2285744845867157
0.1870904266834259
5.550389760173857E-4
0.9601669907569885
0.9065640568733215
0.1293674111366272
1.988229778362438E-4
0.008166167885065079
0.0016665102448314428
0.6466705203056335
0.16416403651237488
0.0036087229382246733
0.046400755643844604
0.4761043190956116
0.2623751759529114
3.4235144266858697E-4
0.0020315854344516993
0.5718569755554199
0.8499742150306702
1.1730586993508041E-4
0.048114631325006485
0.020438767969608307
0.46835625171661377
0.002268898766487837
0.0022176119964569807
0.01336525846272707
0.3935525715351105
0.03465978056192398
0.6264597773551941
0.47701549530029297
0.9906454086303711
0.3033422827720642
0.0016437966842204332
0.9768035411834717
2.12747065233998E-4
0.10899090766906738
0.031229741871356964
0.005652816966176033
7.723049493506551E-4
0.24402152001857758
7.599422824569046E-4
0.3848533630371094
0.6283182501792908
0.2254798412322998
5.098088295198977E-4
0.9939952492713928
1.419967011315748E-4
0.0056284028105437756
0.010070150718092918
0.030571557581424713
0.05793846398591995
0.6756221652030945
0.17392408847808838
0.002250412479043007
0.004375215619802475
0.0013312248047441244
0.0060051740147173405
0.020632382482290268
0.002084076404571533
0.12904642522335052
2.1837843814864755E-4
5.029276362620294E-4
0.062332529574632645
0.001407679752446711
0.001455540070310235
0.026740575209259987
0.007908284664154053
0.395657479763031
2.7445887099020183E-4
0.048513080924749374
0.0028959379997104406
0.2817871868610382
0.42856016755104065
4.456521419342607E-4
0.8549100756645203
0.45044058561325073
0.886797308921814
0.030918069183826447
0.7780013680458069
0.2617209553718567
8.707602391950786E-4
0.07828772813081741
0.045278217643499374
2.974970266222954E-4
2.947734610643238E-4
0.038555774837732315
7.481846841983497E-4
9.926479833666235E-5
0.7270046472549438
0.8987374305725098
0.13568946719169617
0.019654909148812294
7.761295419186354E-4
9.640454663895071E-4
0.9617465138435364
0.0011139112757518888
3.8168099126778543E-4
0.657696008682251
3.6183203337714076E-4
0.8417484760284424
2.4059388670139015E-4
0.9810982942581177
0.0015915392432361841
0.3962920010089874
0.007232613395899534
6.367805763147771E-4
0.022968001663684845
4.879989428445697E-4
0.7792848944664001
7.03116471413523E-4
0.11793577671051025
0.7459770441055298
0.0013351294910535216
0.4940086901187897
9.755574865266681E-4
0.6017499566078186
0.01609216444194317
0.0010954022873193026
0.6906290054321289
0.6962670087814331
0.08264444768428802
3.454584220889956E-4
0.0016204274725168943
0.011037527583539486
4.5621323806699365E-5
0.0016189997550100088
0.0016460975166410208
0.8300729393959045
0.9580883979797363
0.714148223400116
0.0025322106666862965
0.5432390570640564
0.003578322473913431
0.01361721009016037
8.48487950861454E-4
9.480638982495293E-5
0.003733435645699501
4.762654134538025E-5
0.8991650342941284
0.21476882696151733
0.007088983431458473
0.9041203856468201
0.0077796876430511475
0.0366377979516983
0.007423541974276304
0.001199789228849113
0.02414103038609028
0.022448595613241196
0.919524610042572
0.005847388878464699
0.0023955965880304575
1.725995825836435E-4
0.05476031452417374
0.01593961752951145
6.535305874422193E-4
0.4066946506500244
1.0602359543554485E-4
3.0297410557977855E-4
8.376684854738414E-4
0.008029977791011333
0.8616629242897034
0.0034498691093176603
0.5814517140388489
0.014499575830996037
8.371605654247105E-4
0.002467341721057892
2.9654914396815E-4
0.8431614637374878
0.010017767548561096
0.171189546585083
0.23018579185009003
0.936167299747467
0.049881063401699066
0.07136525213718414
7.871860871091485E-4
0.1049124002456665
0.0010465440573170781
9.91922803223133E-4
4.1435934690525755E-5
0.04499342665076256
0.012060226872563362
0.002666222397238016
0.014549440704286098
2.6197065017186105E-4
0.9024186134338379
9.27208224311471E-4
0.9457417130470276
0.8897724151611328
2.87467468297109E-4
0.9182767271995544
2.2019246534910053E-4
5.217730067670345E-4
0.7669268846511841
0.001207241672091186
4.351740062702447E-4
0.007127534132450819
0.002966994186863303
0.014110717922449112
0.9255516529083252
8.158839591487776E-6
0.0036773073952645063
0.0037528264801949263
0.011080116033554077
0.01254016999155283
0.022976471111178398
0.46721071004867554
0.12795639038085938
0.009410275146365166
0.0011896728537976742
0.8734216094017029
0.015070008113980293
0.01217098068445921
0.360194593667984
0.9355520009994507
2.168078935937956E-4
3.0575628625229E-4
0.002296631457284093
7.125851116143167E-4
0.0023351723793894053
0.017867688089609146
0.8583163619041443
0.9238094091415405
5.62726054340601E-4
6.879017746541649E-5
0.9581805467605591
8.344516973011196E-4
0.951204776763916
7.708173361606896E-4
0.9837157726287842
8.911444456316531E-4
0.004519632086157799
0.001254076138138771
0.0812363550066948
0.9914178252220154
6.228306447155774E-4
0.10317695885896683
0.004253520630300045
2.7617847081273794E-4
0.8980890512466431
0.0011215853737667203
0.04024406149983406
0.5341811180114746
0.0669628232717514
0.03948810324072838
1.7330775153823197E-4
0.9908740520477295
0.0034986992832273245
0.25088220834732056
1.6699463230906986E-5
5.896663060411811E-4
0.9860188961029053
5.527581670321524E-4
0.5650745034217834
0.955294668674469
0.36789900064468384
0.9846971035003662
1.4976257807575166E-4
0.0014270016690716147
0.32896485924720764
0.046957243233919144
0.9981025457382202
2.8681528056040406E-4
0.037865009158849716
0.7335211038589478
0.9789802432060242
0.8207635879516602
0.9919608235359192
0.0035337365698069334
0.41831308603286743
0.9577901363372803
0.0027950440999120474
0.02695566602051258
4.1566515574231744E-4
5.523263826034963E-4
0.0063202865421772
0.2598768174648285
0.9921010732650757
0.9709763526916504
0.0028236377984285355
0.4219151735305786
2.2877728042658418E-4
0.025386299937963486
0.9896959066390991
5.304554360918701E-4
0.9163538217544556
0.0018717237981036305
0.00777782965451479
0.5981864929199219
0.00821333471685648
0.028041301295161247
0.9875821471214294
0.0017879162915050983
0.21999308466911316
0.0042845457792282104
0.8124030828475952
5.799203645437956E-4
0.9982851147651672
0.18682003021240234
0.9891846179962158
0.5872880220413208
0.9981547594070435
0.8341533541679382
2.685882500372827E-4
0.036653030663728714
4.0800502756610513E-4
0.996802568435669
7.379372837021947E-4
3.603680816013366E-4
2.6675278786569834E-4
0.9993270635604858
2.83663859590888E-4
1.2666426482610404E-4
3.4520807093940675E-4
5.028768791817129E-4
0.003738995408639312
1.2547332153189927E-4
0.0019203264964744449
0.4490185081958771
0.9816541075706482
0.9971538186073303
1.054060339811258E-4
0.7988190650939941
3.4566785325296223E-4
5.120030837133527E-4
1.3577973732026294E-5
4.8281151975970715E-5
1.7383838712703437E-4
3.9678585017099977E-4
6.271357997320592E-4
0.999923825263977
0.9834403991699219
8.009692537598312E-4
0.989892840385437
2.4754992409725673E-5
1.0618706437526271E-4
0.9999914169311523
2.2303879086393863E-4
2.5159260258078575E-4
0.9962767958641052
0.0013808951480314136
3.7272373447194695E-5
9.275712072849274E-4
1.5506180352531374E-4
2.937618119176477E-4
2.658100565895438E-4
8.831493323668838E-5
0.9997283220291138
7.98781227786094E-4
9.01133636943996E-4
9.09922702703625E-4
0.9999681115150452
0.0021107569336891174
0.8045392632484436
0.00119358254596591
0.9987353682518005
8.852156461216509E-4
8.712905109860003E-4
4.302192246541381E-4
0.002939157420769334
9.934003464877605E-4
5.036236834712327E-4
1.983032598218415E-5
0.9923057556152344
0.9934636950492859
0.8978592157363892
0.9979288578033447
0.9937992095947266
0.9830276370048523
0.0014893132029101253
0.0013824444031342864
0.9999732375144958
0.9999971389770508
