Organic 1,3-dipolar compounds
0.1622408777475357
0.04593978822231293
0.017855452373623848
0.027277829125523567
0.024780867621302605
0.16581976413726807
0.06929577887058258
0.05538613349199295
0.7400609850883484
0.08160357177257538
0.18537022173404694
0.011360726319253445
0.13523399829864502
0.07516707479953766
0.6757574677467346
0.041671935468912125
0.1562892198562622
0.023084837943315506
0.05924917384982109
0.023924846202135086
0.13788267970085144
0.11510156095027924
0.007037056609988213
0.03407523036003113
0.035389650613069534
0.016669662669301033
0.021033547818660736
0.014213035814464092
0.017454031854867935
0.048282690346241
0.07058058679103851
0.011109263636171818
0.03296412155032158
0.09873084723949432
0.013200544752180576
0.011142097413539886
0.046506598591804504
0.29225999116897583
0.024754134938120842
0.0058021554723382
0.042646490037441254
0.03733464330434799
0.019177008420228958
0.12527316808700562
0.01679372414946556
0.011074095033109188
0.022982820868492126
0.010474602691829205
0.006234238389879465
0.042448077350854874
0.05118094012141228
0.08998993039131165
0.18414026498794556
0.030122585594654083
0.31643790006637573
0.04535119980573654
0.03233596310019493
0.008186670020222664
0.01921539381146431
0.08811407536268234
0.007985617965459824
0.0073103648610413074
0.11973736435174942
0.07035241276025772
0.07382375746965408
0.08754777908325195
0.021395243704319
0.0696491226553917
0.14069238305091858
0.25200098752975464
0.03272850438952446
0.01954028382897377
0.030597973614931107
0.027474023401737213
0.01762027107179165
0.004387833643704653
0.25091567635536194
0.19626201689243317
0.3122800886631012
0.058160919696092606
0.04215417057275772
0.07467211037874222
0.08491319417953491
0.007172390352934599
0.006761956959962845
0.1375032365322113
0.02505309320986271
0.29016217589378357
0.04533136636018753
0.09874527156352997
0.0027275756001472473
0.025704188272356987
0.01176676619797945
0.010738859884440899
0.00864308699965477
0.012910022400319576
0.00642714649438858
0.006496956571936607
0.006518939044326544
0.024511532858014107
0.03361184149980545
0.006762838456779718
0.6464322209358215
0.00829984899610281
0.009689297527074814
0.018341699615120888
0.007486662361770868
0.03385220840573311
0.02355058491230011
0.006447769235819578
0.008912364952266216
0.012278798036277294
0.06650333851575851
0.15592528879642487
0.015463980846107006
0.005943662021309137
0.06850270181894302
0.031172020360827446
0.021425805985927582
0.1194084882736206
0.029752958565950394
0.014025627635419369
0.01120254397392273
0.31515446305274963
0.0328400693833828
0.008805092424154282
0.0062881289049983025
0.38580435514450073
0.003941639326512814
0.10408196598291397
0.05787337198853493
0.4502720236778259
0.05132013186812401
0.013005961664021015
0.09046928584575653
0.3319689631462097
0.0074987164698541164
0.007893554866313934
0.13446044921875
0.015883972868323326
0.028318796306848526
0.056132618337869644
0.04483937472105026
0.05233459174633026
0.00968408677726984
0.4995550811290741
0.0159795880317688
0.008399158716201782
0.2959654927253723
0.01963568478822708
0.004666549619287252
0.009112902916967869
0.13112623989582062
0.008708944544196129
0.006943054031580687
0.008392277173697948
0.012772133573889732
0.02859847992658615
0.004663880914449692
0.021087221801280975
0.005765652749687433
0.018839480355381966
0.006995510775595903
0.08991577476263046
0.04056091234087944
0.017889143899083138
0.009384812787175179
0.00794640276581049
0.09069555252790451
0.007983578369021416
0.0022640228271484375
0.02268621325492859
0.014330193400382996
0.007271233480423689
0.4540303647518158
0.26251742243766785
0.04038320481777191
0.006979131139814854
0.026525795459747314
0.0057858857326209545
0.021970238536596298
0.06862230598926544
0.026922089979052544
0.04836028069257736
0.004367130342870951
0.2466687709093094
0.021195480599999428
0.10148148238658905
0.15025928616523743
0.514468252658844
0.008128593675792217
0.01257589552551508
0.01943451166152954
0.38338664174079895
0.09765173494815826
0.0042403824627399445
0.09745968878269196
0.007484763395041227
0.18552927672863007
0.18585532903671265
0.007363287732005119
0.12369109690189362
0.02434444986283779
0.021647073328495026
0.06619205325841904
0.026335209608078003
0.02159588597714901
0.005299084819853306
0.014959401451051235
0.0238651130348444
0.054500412195920944
0.044654201716184616
9.548062225803733E-4
0.4537532329559326
0.0053291707299649715
0.007069888990372419
0.16624756157398224
0.009811175055801868
0.009481014683842659
0.0029741504695266485
0.07792571932077408
0.03208136558532715
0.009159376844763756
0.007580779492855072
0.018410373479127884
0.012815606780350208
0.108817920088768
0.04600730910897255
0.008397539146244526
0.2416931539773941
0.037906743586063385
0.057811468839645386
0.13821762800216675
0.005966282449662685
0.021315524354577065
0.005504130851477385
0.08775415271520615
0.13301260769367218
0.006063094362616539
0.02182139828801155
0.008290904574096203
0.0903615728020668
0.019748443737626076
0.00782288983464241
0.005265365354716778
0.17019538581371307
0.14682413637638092
0.45905211567878723
0.00952062662690878
0.008619730360805988
0.07092049717903137
0.06214747205376625
0.007879511453211308
0.004602562636137009
0.01142371166497469
0.017787357792258263
0.05076228454709053
0.09412144124507904
0.010602216236293316
0.07518665492534637
8.343462832272053E-4
0.00763331213966012
0.5210875868797302
0.01679464988410473
0.00791675504297018
0.01783653162419796
0.0054943496361374855
0.007360301911830902
0.007199374493211508
0.005697361659258604
0.09538266807794571
0.14008308947086334
0.012644164264202118
0.04656242951750755
0.22453109920024872
0.04273839294910431
0.00501141045242548
0.02673766016960144
0.023615263402462006
0.14688104391098022
0.017961246892809868
0.08900609612464905
0.3795746862888336
0.09663590788841248
0.007004980463534594
0.14181821048259735
0.07585185766220093
0.002358276629820466
0.259574294090271
0.16449475288391113
0.058709003031253815
0.007515536621212959
0.03281160444021225
0.07116422802209854
0.01996135339140892
0.20023854076862335
0.03624102100729942
0.006151258479803801
0.4661126732826233
0.05307246744632721
0.007324669975787401
0.00589301623404026
0.017228243872523308
0.007476357743144035
0.0409211702644825
0.006857072934508324
0.006653971970081329
0.02155187539756298
0.11753348261117935
0.0077207814902067184
0.37390390038490295
0.012093446217477322
0.0506802462041378
0.00946732982993126
0.018475711345672607
0.1379830539226532
0.030777227133512497
0.02088250033557415
0.019428418949246407
0.006974103394895792
0.00931464321911335
0.081542007625103
0.0072372667491436005
0.11250489205121994
0.015851091593503952
0.023600615561008453
0.011194310151040554
0.039603568613529205
0.012654143385589123
0.00543320644646883
0.02625085599720478
0.11903811246156693
6.124492501839995E-4
0.005200383253395557
0.12467683851718903
0.03556631878018379
0.34323543310165405
0.03139277920126915
0.03842060640454292
0.006540783680975437
0.023558566346764565
0.023144667968153954
0.00874317530542612
0.6303974390029907
0.004514994099736214
0.004542577546089888
0.026150334626436234
0.0050009069964289665
0.040251072496175766
0.0027663311921060085
0.005315599497407675
0.008869626559317112
0.030698874965310097
0.29449766874313354
0.0052945297211408615
0.005425221286714077
0.009185368195176125
0.02330080419778824
0.013854371383786201
0.004479283466935158
0.013577905483543873
0.005391242913901806
0.05324782431125641
0.01912190020084381
0.3710750639438629
0.2185901552438736
0.007891975343227386
0.0061339763924479485
0.04041241109371185
0.22134196758270264
0.004821093287318945
0.13068819046020508
0.08124557137489319
0.010250814259052277
0.004261420574039221
0.007582113146781921
0.004771711304783821
0.004644053988158703
0.04272628203034401
0.5203903317451477
0.006628699135035276
0.009215660393238068
0.014256473630666733
0.006330765318125486
0.007766667287796736
0.010231017135083675
0.004404048435389996
0.03353464975953102
0.4954529106616974
0.05259004607796669
0.18722015619277954
0.10336115211248398
0.016513925045728683
0.15875044465065002
0.013655299320816994
0.8286177515983582
0.06743690371513367
0.039778947830200195
0.00594774866476655
0.0059076896868646145
0.025388840585947037
0.0057668001390993595
0.004548297729343176
0.18240803480148315
0.09783755242824554
0.016829565167427063
0.0461554080247879
0.017122797667980194
0.19823795557022095
0.062144823372364044
0.0459890179336071
0.004544414114207029
0.004395319614559412
0.004272509831935167
0.02563631348311901
0.005429642740637064
0.12412011623382568
0.003941477742046118
0.005109158810228109
0.6441509127616882
0.03900390863418579
0.01249731332063675
0.05318170785903931
0.06522469967603683
0.09644313901662827
0.05437300354242325
0.004524484276771545
0.010492585599422455
0.0209506843239069
0.021775007247924805
0.008564352057874203
0.0600900761783123
0.005172196310013533
0.09885437041521072
0.2905077636241913
0.00883530080318451
0.00856198649853468
0.004430769011378288
0.535830557346344
0.004453382454812527
0.27807188034057617
0.005209588911384344
0.03926470875740051
0.12756770849227905
0.021255047991871834
0.00209951214492321
0.008366132155060768
0.004455712158232927
0.029610328376293182
0.0069828215055167675
0.014470941387116909
0.004785149823874235
0.20318394899368286
0.034560661762952805
0.025401417165994644
0.0773879811167717
0.005581213627010584
0.00394426891580224
0.035088662058115005
0.0070972442626953125
0.28662917017936707
0.011514725163578987
0.007960205897688866
0.03330652788281441
0.11537333577871323
0.22209741175174713
0.12465385347604752
0.03608114272356033
0.11136451363563538
0.015423907898366451
0.3311193287372589
0.03459404408931732
0.004081537947058678
0.046838026493787766
0.0053078182972967625
0.02794867567718029
0.34914568066596985
0.11599895358085632
0.017496410757303238
0.005489218048751354
0.05388505384325981
0.022298287600278854
0.07120911031961441
0.004933744203299284
0.0574016273021698
0.06761367619037628
0.005165638402104378
0.06567691266536713
0.03791186586022377
0.292542040348053
0.047745831310749054
0.024609284475445747
0.019095435738563538
0.00627748342230916
0.20225396752357483
0.006476573646068573
0.010761708952486515
0.03165469691157341
0.29681476950645447
0.03821053355932236
0.003140740329399705
0.02869686670601368
0.04031582176685333
0.08045674115419388
0.17151927947998047
0.004343929700553417
0.03767320141196251
0.0652182549238205
0.005275032017379999
0.008922806940972805
0.08338761329650879
0.005303586833178997
0.004038393031805754
0.1691603660583496
0.05236662179231644
0.00839619804173708
0.005155679304152727
0.005292773246765137
0.2199900597333908
0.004490625113248825
0.06564947962760925
0.004370556678622961
0.06691837310791016
0.017549224197864532
0.005880890879780054
0.3553561866283417
0.2257833182811737
0.22218704223632812
0.030016986653208733
0.01816072128713131
0.035876575857400894
0.004533400293439627
0.27223968505859375
0.04945186525583267
0.00913009513169527
0.27692314982414246
0.11567853391170502
7.999090012162924E-4
0.002372279530391097
0.02880486659705639
0.03450683131814003
0.028982870280742645
0.4811016321182251
0.02427377738058567
0.08222635835409164
0.1983402520418167
0.19160263240337372
0.005256940610706806
0.00682661822065711
0.3796233534812927
0.023187700659036636
0.4268573522567749
0.10154347866773605
0.032334018498659134
0.04432586580514908
0.015541969798505306
0.00502897659316659
0.0353546179831028
0.031965311616659164
0.003835159121081233
0.04240487515926361
0.040830135345458984
0.07155205309391022
0.0037006570491939783
0.012484912760555744
0.011225487105548382
0.025156324729323387
0.19743239879608154
0.012434196658432484
0.0034202123060822487
0.14326919615268707
0.19323612749576569
0.013823828659951687
0.05746527388691902
0.011231421492993832
0.015898700803518295
0.44262322783470154
0.004925811663269997
0.004489821381866932
0.19455590844154358
0.03345516324043274
0.14065948128700256
0.004203031770884991
0.07169338315725327
0.050903353840112686
0.003833225928246975
0.0021499721333384514
0.03782245144248009
0.025672944262623787
0.003829526249319315
0.061673011630773544
0.0235320832580328
0.004183312878012657
0.08627001941204071
0.012713316828012466
0.027012577280402184
0.0144110806286335
0.07460477948188782
0.01734432950615883
0.03207411989569664
0.005700979847460985
0.0028778384439647198
0.041505783796310425
0.41002193093299866
0.0043790931813418865
0.11123490333557129
0.18597812950611115
0.11641878634691238
0.0425596609711647
0.1969151794910431
0.004488448612391949
0.03545007109642029
0.08985552936792374
0.051984161138534546
0.004301901441067457
0.008490686304867268
0.06625097990036011
0.1816781461238861
0.265363484621048
0.011839437298476696
0.1062600389122963
0.015412281267344952
0.005323723424226046
0.006138349883258343
0.0371907576918602
0.10028941184282303
0.10871731489896774
0.020936138927936554
0.023338019847869873
0.1738857924938202
0.03454069048166275
0.10980057716369629
0.004353513941168785
0.2536765933036804
0.02827964909374714
0.44398269057273865
0.07993683964014053
0.01315708551555872
2.2242628620006144E-4
0.07268441468477249
0.10788241028785706
0.005681824870407581
0.003007241990417242
0.01990850269794464
0.05528290197253227
0.0023158953990787268
0.18325823545455933
0.04404999315738678
0.003945506177842617
0.1673571765422821
0.007401725277304649
0.007902049459517002
0.021293489262461662
0.0033485526219010353
0.005803100764751434
0.2592736780643463
0.3396929204463959
0.017592517659068108
0.05856363847851753
0.09362081438302994
0.003049171296879649
0.05523956939578056
0.015998991206288338
0.09506944566965103
0.4257224500179291
0.15977032482624054
0.02553117647767067
0.343336284160614
0.009847335517406464
0.01932360976934433
0.09926880896091461
0.005623449105769396
0.07634755969047546
0.25051459670066833
0.10119232535362244
0.003695766907185316
0.029778296127915382
0.04850972443819046
0.004105016589164734
0.004939130041748285
0.018582234159111977
0.03947433829307556
0.007140440866351128
0.006559333298355341
0.5114388465881348
0.004800464026629925
0.005231498274952173
0.07165756821632385
0.0850548967719078
0.010939880274236202
0.05574611946940422
0.4804362952709198
0.07566141337156296
0.05929052457213402
0.006798319052904844
0.10384762287139893
0.5105071067810059
0.12016230821609497
0.39825528860092163
0.018304746598005295
0.02509964443743229
0.2065824717283249
0.027473635971546173
0.0074215419590473175
0.0034453223925083876
0.06462997943162918
0.01055555883795023
0.014985766261816025
0.0036882050335407257
0.004618191160261631
0.003941077273339033
0.3127775192260742
0.029289375990629196
0.02390897087752819
0.03162115067243576
0.013118193484842777
0.0842335894703865
0.5873382091522217
0.003867278341203928
0.004129014443606138
0.018820516765117645
0.12089531123638153
0.0049389684572815895
0.09924766421318054
0.06778161972761154
0.002955708419904113
0.03667455539107323
0.015611297450959682
0.4417843818664551
0.02928962931036949
0.0031078022439032793
0.17235904932022095
0.03184578940272331
0.17121613025665283
0.009690742008388042
0.023617101833224297
0.06111510097980499
0.001405362389050424
0.46738025546073914
0.2279595583677292
0.010842280462384224
0.19899307191371918
4.632353666238487E-4
0.2901666760444641
0.03849804028868675
0.19628670811653137
0.0046718730591237545
0.005151625256985426
0.23503658175468445
0.12924522161483765
0.0713045597076416
0.3138144612312317
0.149078369140625
0.014905852265655994
0.0029744214843958616
0.005873182322829962
0.25713542103767395
0.20700857043266296
0.19056911766529083
0.3911501169204712
0.001727108028717339
0.048915959894657135
0.0029470149893313646
0.008808055892586708
0.36519333720207214
0.001332919578999281
0.08262665569782257
0.006881143432110548
0.0010081379441544414
0.14735156297683716
0.012930421158671379
7.729315548203886E-4
0.008096818812191486
0.1201397106051445
0.15809641778469086
0.04924991354346275
0.0160905160009861
0.002712260466068983
0.03894633799791336
0.07938177138566971
0.004670955706387758
0.5834165215492249
0.0050904033705592155
0.029762357473373413
0.019020089879631996
0.006364807486534119
0.1451796293258667
0.5114150643348694
0.004111958667635918
0.007038441486656666
0.004099416546523571
0.01658288761973381
0.043524641543626785
0.005467718932777643
3.989537071902305E-4
0.26413822174072266
0.029700666666030884
0.14230667054653168
0.017595870420336723
0.3415623605251312
0.010810472071170807
0.004017192870378494
0.00301752588711679
0.2931367754936218
0.00262303720228374
0.5012885332107544
0.5324214100837708
0.0042940606363117695
0.0033959883730858564
0.012202244251966476
7.770028314553201E-4
0.008195537142455578
0.05413161963224411
0.002791289472952485
0.0822611078619957
0.0060720196925103664
0.006790902931243181
0.007161478977650404
0.022238818928599358
0.004172780551016331
0.07816314697265625
0.004219810012727976
0.0056434497237205505
0.36179500818252563
0.12720753252506256
0.013528618961572647
0.0014706372749060392
0.0027622992638498545
0.0014419262297451496
0.011474291794002056
0.001985887298360467
0.014371993951499462
0.016961054876446724
0.0070041934959590435
0.006512858904898167
0.0010118278441950679
0.03453156724572182
0.03327856957912445
0.019348876550793648
4.4562440598383546E-4
0.015798227861523628
0.004310296382755041
0.001939699286594987
0.030605703592300415
0.001054877764545381
0.003889282001182437
0.023183491080999374
0.0038266205228865147
0.06106400862336159
0.0031480349134653807
0.25214993953704834
0.0023707563523203135
0.006447667721658945
0.0065861972980201244
0.003166993847116828
0.20803819596767426
0.00311892107129097
0.005043769255280495
0.004821819253265858
0.0011945958249270916
0.007254085037857294
0.0012564572971314192
0.004318859428167343
0.0160041693598032
0.014805959537625313
0.014728724025189877
0.004708761349320412
0.655199408531189
0.0034641753882169724
0.029099976643919945
0.030855290591716766
0.002577974693849683
0.0035742977634072304
0.013756321743130684
0.004077786114066839
0.0061575742438435555
0.002236391883343458
0.009029630571603775
0.6248775720596313
0.03287194296717644
0.0040234713815152645
0.014174370095133781
0.0037795400712639093
0.008732401765882969
0.001787576824426651
0.27702030539512634
0.003066856414079666
0.003445176873356104
0.0036301419604569674
0.024098774418234825
0.0012044549221172929
0.4655151665210724
0.023435547947883606
0.027479050680994987
0.002612366806715727
0.02661401964724064
0.009085351601243019
0.02495213784277439
0.0017423351528123021
0.002235628431662917
0.0038787105586379766
0.0011026195716112852
0.00967862457036972
0.0021429890766739845
0.03430517390370369
9.32960188947618E-4
0.0028175306506454945
0.0022669611498713493
0.001852904330007732
0.5447931289672852
0.0023503557313233614
0.008978067897260189
0.005288764368742704
0.001926790806464851
0.016729973256587982
0.010745557025074959
0.02451387234032154
0.005812312010675669
0.007259805221110582
0.4557360112667084
0.004717634525150061
0.00624837726354599
0.002636565361171961
0.021416885778307915
0.001564007019624114
0.004589628428220749
0.03732060268521309
0.003706792602315545
0.016295714303851128
0.006959959864616394
0.28148242831230164
0.017909647896885872
0.04307170584797859
0.013203060254454613
0.002186724217608571
5.244564381428063E-4
0.601845920085907
0.0026668801438063383
0.009190632961690426
0.002388858702033758
0.1712712198495865
0.004985210485756397
0.37131431698799133
0.018617073073983192
0.005802298430353403
0.0021192331332713366
0.006631344091147184
8.050722535699606E-4
4.712230584118515E-4
0.9392836689949036
0.002570931101217866
0.008401768282055855
0.17145290970802307
0.00902010127902031
0.005474465899169445
0.007706524804234505
0.0035453317686915398
0.13660860061645508
0.001954128732904792
0.02864115685224533
0.0019380910089239478
0.014460479840636253
0.006335707847028971
0.007071495056152344
0.005027939099818468
0.0029579615220427513
4.256315005477518E-4
0.0034537785686552525
0.0036921645514667034
0.0010646290611475706
0.0016561902593821287
5.559854907914996E-4
0.0055119046010077
0.131333589553833
0.004420720040798187
0.00446656160056591
0.002017493359744549
0.007843955419957638
0.5065338611602783
0.008099472150206566
0.2263140082359314
0.0037130352575331926
0.002743341261520982
5.707892123609781E-4
0.018672801554203033
9.638522751629353E-4
0.0020343053620308638
0.00922225322574377
2.3454859910998493E-4
0.0028429999947547913
0.018361978232860565
9.689087746664882E-4
2.8418147121556103E-4
0.024025386199355125
0.001033878419548273
5.233685951679945E-4
0.0021994123235344887
0.005429060198366642
2.0463179680518806E-4
0.0063685947097837925
6.945792702026665E-4
0.012112854048609734
0.0011718167224898934
0.001081273891031742
1.8971653480548412E-4
0.001962972804903984
0.0018894067034125328
3.4251005854457617E-4
0.0020565472077578306
0.0055028339847922325
9.488404612056911E-4
0.0018312421161681414
0.00647722277790308
0.008373469114303589
1.8184979853685945E-4
4.884596564806998E-4
0.0013738081324845552
0.0031282939016819
0.004656055010855198
0.024024497717618942
2.9216104303486645E-4
0.0020883865654468536
3.833904047496617E-4
0.023772671818733215
0.035713307559490204
0.0043881842866539955
0.0037189580034464598
5.006665596738458E-4
7.727613410679623E-5
0.0022293084766715765
4.661605053115636E-4
0.0039872052147984505
1.1286447988823056E-4
8.421296370215714E-4
0.008185723796486855
0.001990780932828784
0.034764036536216736
0.008316428400576115
2.180387091357261E-4
0.009522400796413422
6.544165080413222E-4
4.178511444479227E-4
0.0030314107425510883
1.1479641398182139E-4
0.006797846406698227
0.001614312524907291
0.002106472384184599
3.0512665398418903E-4
0.002064180327579379
0.001993228681385517
0.003826186992228031
0.012665653601288795
0.004981873091310263
0.005371359642595053
0.0072832717560231686
0.00396968936547637
0.01017009187489748
6.409834168152884E-5
2.2615176567342132E-4
4.949736758135259E-4
0.0024566662032157183
9.579959441907704E-4
0.0016504739178344607
0.010346857830882072
7.361325551755726E-4
0.002697044750675559
0.0019241556292399764
2.507896861061454E-4
2.663825871422887E-4
0.0016013222048059106
1.001190539682284E-4
4.0184930549003184E-4
0.009460393339395523
1.1001779785146937E-4
8.146944455802441E-4
6.950293900445104E-4
8.180681470548734E-5
7.261752616614103E-4
0.010052110068500042
9.55381037783809E-5
0.0015019181882962584
0.0018861371790990233
0.0013861909974366426
0.001328974962234497
5.8890655054710805E-5
5.936985253356397E-4
0.0018795417854562402
0.0046405973844230175
5.29170865775086E-5
0.004538354929536581
0.013221999630331993
0.0010643101995810866
2.2663094568997622E-4
0.0010290802456438541
0.002635885262861848
5.5354772484861314E-5
6.061559543013573E-4
8.239432645495981E-5
0.004641455132514238
2.1491729421541095E-4
9.913682151818648E-5
1.4652749814558774E-4
0.031965095549821854
7.50239341869019E-5
1.0058334009954706E-4
1.1570023343665525E-4
3.650235303211957E-4
2.5140581419691443E-4
1.4778394870518241E-5
2.935928705483093E-6
