1-hydroxylamino, 2-unsubstituted benzenoids
2.2624721168540418E-4
5.233264528214931E-4
2.3637314370716922E-5
4.4587279262486845E-5
3.3189848181791604E-4
1.7686834326013923E-4
0.001344410004094243
1.4630374789703637E-4
1.1200286826351658E-4
6.755451904609799E-4
9.724584379000589E-5
4.331500349508133E-6
4.632270138245076E-4
4.643381544156E-5
3.2707586069591343E-4
2.3298295855056494E-4
3.4690816391957924E-5
5.912089909543283E-5
2.612691059766803E-5
8.085272856988013E-4
1.582077529747039E-4
1.0212309280177578E-4
9.57656175160082E-6
1.7705718346405774E-4
2.8412658139131963E-5
1.8044964235741645E-4
4.0135550079867244E-5
1.934246211021673E-5
4.722955964098219E-6
3.339604154461995E-5
2.66067567281425E-4
1.4737023775523994E-5
5.96474674239289E-5
1.2535316272987984E-5
1.5646748943254352E-4
1.4155532880977262E-5
2.897780723287724E-5
1.5085790073499084E-4
4.8719080950831994E-5
8.513729312653595E-7
5.613516623270698E-5
6.616963219130412E-5
2.6013809838332236E-4
3.068562364205718E-5
9.20882939681178E-6
1.864426963038568E-6
1.868552772066323E-6
8.243088814197108E-5
3.2831776479724795E-6
2.4624343495815992E-5
3.8553971535293385E-5
4.372146795503795E-4
3.347701276652515E-4
4.637555321096443E-6
2.0505169231910259E-4
1.184170560009079E-5
6.098170706536621E-5
4.612017619365361E-6
3.6671863199444488E-6
6.760519318049774E-5
1.1549497685336974E-5
7.678601832594723E-6
2.8497262974269688E-5
6.334122008411214E-5
1.550517299619969E-5
2.0334809960331768E-4
1.2141705155954696E-5
2.1733265020884573E-4
5.080932169221342E-4
5.229533599049319E-6
1.1336763418512419E-4
7.141545665945159E-6
1.3910484994994476E-5
9.709118785394821E-6
1.3697319445782341E-5
1.0134268677575164E-6
8.997936674859375E-5
6.722548278048635E-5
1.2127862646593712E-5
3.111230398644693E-5
9.788473107619211E-6
2.8594883042387664E-4
1.811867841752246E-4
6.9231186898832675E-6
4.267301846994087E-6
1.1828391143353656E-4
3.1665560982219176E-6
2.1913832460995764E-4
1.9367489585420117E-5
5.757845428888686E-5
4.614120712176373E-7
5.6749736359051894E-6
2.0760719053214416E-5
4.906199251308863E-7
2.506796590751037E-5
8.515442459611222E-6
2.562674580985913E-6
2.6022580641438253E-6
2.153770083168638E-6
3.796784085352556E-6
1.030717248795554E-4
1.51240774357575E-5
7.554716285085306E-5
5.156403858563863E-6
2.0265601961000357E-6
1.5974183042999357E-5
1.0444188092151308E-6
1.1939480373257538E-6
5.164954473002581E-6
2.111695266648894E-6
2.713450157898478E-6
6.164789374452084E-5
6.5220419855904765E-6
3.0807793791609583E-6
8.03522634669207E-5
7.918150004115887E-6
3.936346547561698E-5
2.2934433218324557E-5
6.477102579083294E-5
2.6383556541986763E-4
8.617929779575206E-6
2.3572818008688046E-6
2.5513750733807683E-4
8.984587620943785E-4
1.1478135093057062E-5
5.297997176967328E-6
1.2810336556867696E-5
4.592844197759405E-5
1.879499450296862E-6
1.79467344423756E-4
1.8342559997108765E-5
0.015916641801595688
1.3126932026352733E-4
4.223388998525479E-7
3.5464047687128186E-4
8.630598813397228E-7
5.8735809034260456E-6
1.402684847562341E-5
6.38074561720714E-5
4.352455562184332E-6
1.3579224287241232E-5
9.312998372479342E-6
1.880226022876741E-6
6.452919478761032E-5
1.3805829439661466E-5
6.181721983011812E-5
7.393858686555177E-5
1.952979118868825E-6
3.752745396923274E-4
3.705323615577072E-4
4.29632837040117E-6
3.772935315282666E-6
1.366245560348034E-4
4.760698857353418E-7
5.25257291883463E-6
2.5281879061367363E-6
5.588275143963983E-6
4.405286745168269E-6
2.3236243578139693E-6
4.521196387941018E-6
3.707082669279771E-6
3.8621460589638446E-6
2.964445911857183E-6
1.444326771888882E-4
7.914492744021118E-5
1.5815043298061937E-5
6.9057718974363524E-6
3.7268264350132085E-6
0.002047720830887556
1.735072942210536E-6
1.7305809478784795E-6
2.719890653679613E-5
7.1328131525660865E-6
1.0427031156723388E-5
1.8559093587100506E-4
5.363737273000879E-6
2.3788789985701442E-4
1.1349403393978719E-5
2.350929207750596E-6
3.2216569252341287E-6
8.036474901018664E-5
2.3936534489621408E-5
1.0665418130884063E-6
5.370666985982098E-5
3.782358817261411E-7
1.143903355114162E-4
1.905903081933502E-5
1.9611380412243307E-4
4.0571505087427795E-4
0.002910878509283066
2.6340754629927687E-5
1.363536466669757E-5
1.10513974505011E-5
4.7269093920476735E-4
2.15530235436745E-4
2.6617424282449065E-6
4.488094782573171E-5
3.883652425429318E-6
9.047642379300669E-5
5.005093407817185E-5
1.9104898001387483E-6
1.0290528734913096E-5
2.8293579816818237E-5
2.81079360320291E-6
7.882561476435512E-5
7.771090167807415E-6
2.4221503736043815E-6
1.0806979844346642E-6
0.0010084080277010798
1.719969259283971E-5
6.578458123840392E-5
2.6243182946927845E-4
1.0110254322626133E-7
1.2251634325366467E-4
4.257926320860861E-6
3.0607898224843666E-6
3.5077991924481466E-5
1.0291420949215535E-5
7.124859166651731E-6
6.529685379064176E-7
1.1280192666163202E-5
3.5489192669047043E-6
7.707777513132896E-6
2.10169241654512E-6
5.720492117688991E-5
1.2305405107326806E-5
3.2234040554612875E-4
1.871671702247113E-5
2.353179070269107E-6
2.7550457161851227E-4
2.280276567034889E-5
4.9615162424743176E-5
3.2749251113273203E-4
4.484970759222051E-6
1.721022454148624E-5
1.4055195833861944E-6
2.821059897542E-4
8.589851495344192E-5
2.4369337552343495E-6
3.65820451406762E-5
1.0261867828376126E-5
1.2489846994867548E-5
9.93073740573891E-7
7.65847107686568E-6
2.17917954614677E-6
6.951862451387569E-5
0.0024215001612901688
3.123851274722256E-5
1.8668436041480163E-6
6.2704198171559256E-6
0.0010079361964017153
1.450069685233757E-4
2.4482528715452645E-6
1.0005956028180663E-6
2.548347765696235E-6
1.123611241382605E-6
5.09759320266312E-6
5.1108352636219934E-5
1.6652704289299436E-5
5.223026164458133E-5
5.49627486634563E-7
5.653766493196599E-6
2.6218072889605537E-5
5.312466328177834E-6
2.9849550173821626E-6
8.028044931052136E-7
2.823068825819064E-6
5.360580416891025E-6
4.770354735228466E-6
1.8070707028527977E-6
1.2122258340241387E-5
4.820294998353347E-5
8.870503734215163E-6
1.8116188584826887E-4
3.479593215161003E-5
5.391277227317914E-6
2.8601327812793897E-6
9.567156666889787E-7
1.2746262655127794E-5
2.733797828113893E-6
1.9591187083278783E-5
0.0013993196189403534
1.623511634534225E-4
1.0684182598197367E-5
1.3363859352466534E-6
8.684295607963577E-6
1.3430899707600474E-4
2.5494730948594224E-7
6.209216371644288E-5
3.524171552271582E-5
5.27611382494797E-6
4.363995230960427E-6
2.880928514059633E-5
2.876980488508707E-6
9.952976688509807E-5
2.4843069695634767E-5
3.862155062961392E-5
1.8204112848252407E-6
6.133826536824927E-5
3.935698259738274E-5
2.302754182892386E-6
6.330109954433283E-6
1.969811855815351E-4
4.211848590784939E-6
3.23363856296055E-5
6.010447577864397E-6
2.643654170242371E-6
4.757743590744212E-5
8.811021689325571E-5
9.23268260066834E-7
2.4591565306764096E-5
3.783520241995575E-6
2.5688455207273364E-4
1.6209014574997127E-4
1.642156857997179E-4
8.799635907053016E-6
1.0963500972138718E-4
9.088139449886512E-6
5.737474566558376E-6
3.2864018066902645E-6
3.970260422647698E-6
1.457803009543568E-4
1.9447313661657972E-6
8.267346856882796E-6
7.300925972231198E-6
6.692585429846076E-6
8.416149648837745E-5
7.294811439351179E-6
3.9198266676976345E-6
1.0654298421286512E-6
1.7546574326843256E-6
8.758333569858223E-5
1.3082762961857952E-7
1.025084316097491E-6
1.2368731404421851E-5
2.1531111542572035E-6
8.281431291834451E-6
2.0824497823923593E-6
4.417997388372896E-6
1.0485779284863384E-6
2.464129647705704E-4
8.802824595477432E-6
3.326495289002196E-6
2.378114004386589E-4
3.1041918191476725E-7
5.080030859971885E-6
4.3080883187940344E-5
4.55288699185985E-7
5.683235144715582E-7
2.7455525923869573E-6
2.1909741008130368E-6
3.506027042021742E-6
2.2058295144233853E-4
8.803437231108546E-5
8.696995337231783E-7
8.413230148107687E-7
4.382129645819077E-6
6.239129106688779E-6
1.625896038603969E-5
6.699298410239862E-6
2.414811388007365E-5
7.898203193690279E-7
1.1936335795326158E-4
4.3154308514203876E-5
0.009236296638846397
8.359737694263458E-5
2.3966347271198174E-6
3.0515714115608716E-6
5.14244402438635E-6
6.0992708313278854E-5
1.0081791970151244E-6
8.860421075951308E-5
2.6442839953233488E-5
1.871780881401719E-7
4.597732640831964E-6
2.2395090581994737E-6
1.0166986612603068E-6
8.429623221672955E-7
4.3156487095075136E-7
1.0878637112909928E-5
2.8522915727080544E-6
8.952722055255435E-6
1.9618894384620944E-6
3.2053226277639624E-6
1.6828809066282702E-6
4.007704319519689E-6
7.983163641256397E-7
2.1131236280780286E-6
1.1285082109679934E-5
1.3462389460983104E-6
9.246915578842163E-5
1.4179936260916293E-4
5.596868959401036E-6
1.4068061136640608E-4
7.514709068345837E-7
1.9162596436217427E-4
1.4905505850038026E-5
1.8778095545712858E-4
7.879772851993039E-7
1.4826547385382582E-6
1.9043982319999486E-6
5.6332937674596906E-6
6.785421078348008E-7
4.9164256779477E-5
7.504306267946959E-5
6.494646186183672E-6
1.931050246639643E-5
1.7628640307520982E-6
5.954142543487251E-4
1.73970347532304E-5
2.0563129510264844E-6
5.885592031518172E-7
6.111833954491885E-7
1.144449242929113E-6
3.136532541248016E-6
1.467544734623516E-6
0.0011099210241809487
6.305508009063487E-7
3.279598331573652E-6
2.9155213269405067E-5
0.00629263324663043
3.583928219086374E-6
1.940149741130881E-5
4.680300480686128E-5
2.377074706600979E-4
6.224923936315463E-7
6.577165549970232E-7
1.5485721860386548E-6
9.184723808175477E-7
2.9472998903656844E-6
1.1129890253869235E-6
1.4215020200936124E-6
5.11557743720914E-7
1.1499744687171187E-5
0.0018461631843820214
1.6260103438980877E-4
6.861903966637328E-5
6.173503948048165E-7
9.414653504791204E-6
5.428935310192173E-7
4.29588311817497E-4
2.430698714306345E-6
0.003991771023720503
3.544083156157285E-4
2.6305613573640585E-4
1.119529429161048E-6
5.006004357710481E-6
5.475286002365465E-7
7.880301564000547E-4
1.4407821254280861E-5
5.4514566727448255E-5
3.941149770980701E-6
4.932793090119958E-4
1.7990878404816613E-5
1.8925198673969135E-5
7.325462320295628E-6
1.850042963269516E-6
5.37817072654434E-7
1.3787768011752632E-6
2.002647306653671E-6
4.044405613967683E-6
9.033687820192426E-5
1.5438254922628403E-4
1.0999967344105244E-5
3.6409091990208253E-6
1.0464451042935252E-4
1.5114978305064142E-4
1.342791219940409E-4
1.8956876374431886E-5
9.068115105037577E-6
1.7400336218997836E-5
0.00146507250610739
5.575852810579818E-7
8.102608990157023E-5
3.2329140253750666E-7
1.2619093467947096E-6
1.3389543710218277E-5
5.503434294951148E-5
5.5889169743750244E-5
1.793504566194315E-6
3.3930396057257894E-6
9.641076758271083E-6
4.783828990184702E-5
5.493434400705155E-7
3.214499447494745E-4
7.666608871659264E-5
6.021850254001038E-7
7.451533019775525E-5
1.508291802565509E-6
4.016096227132948E-6
1.3390096000875928E-6
3.2393113542639185E-6
7.190946053015068E-5
5.183876510272967E-7
1.4672984252683818E-4
3.747845198631694E-7
2.2131437162897782E-6
2.4591081455582753E-6
1.1094467481598258E-4
0.0037291389890015125
5.544706596083415E-7
1.222503760800464E-5
2.5990354970417684E-6
1.9688632164616138E-4
1.0440572805237025E-4
1.7554207261127885E-6
1.620694274606649E-5
5.291901106829755E-5
1.476578972869902E-6
6.155518804007443E-6
4.9442689487477764E-5
9.080946483663865E-7
4.332633579906542E-6
4.892576253041625E-4
4.4642594730248675E-5
6.46627427158819E-7
2.2680947040498722E-6
0.002297668717801571
5.381498795031803E-6
1.8817285081240698E-6
1.450532454327913E-5
1.8437324342812644E-6
1.1211047967663035E-4
1.4475480156761478E-6
3.689678123919293E-5
5.915675956202904E-6
2.0492347175604664E-5
9.06908553588437E-6
2.361490078328643E-5
2.2155609258334152E-7
1.7589206981938332E-4
4.293021902412875E-6
2.9813702440151246E-6
9.947585795089253E-7
1.102291662391508E-6
1.425759692210704E-4
9.8773170975619E-6
2.948411292891251E-7
1.879748742794618E-5
3.912640386261046E-4
5.61135266252677E-7
3.87906720789033E-6
0.0010185743449255824
1.8011231077252887E-5
2.072696588584222E-5
7.050525255181128E-6
3.7350429920479655E-5
2.7370913358026883E-6
1.0582258482827456E-6
3.813900184468366E-5
4.498019188758917E-5
2.8140635549789295E-5
9.503228648100048E-5
6.836135980847757E-6
2.1110741727170534E-5
6.056352285668254E-4
2.408325144642731E-6
2.415830522295437E-6
2.500842356312205E-6
1.022599690259085E-6
2.1984204067848623E-4
2.8826195830333745E-7
1.0534883040236309E-4
1.7756354964149068E-6
2.682545527932234E-5
8.978834557638038E-6
8.202438475564122E-4
5.990836871205829E-5
2.112338506776723E-6
2.443062612655922E-6
1.0029899385699537E-5
3.11554285872262E-5
7.805603559063456E-7
7.46144141885452E-5
5.22797222402005E-7
1.7786354874260724E-5
0.001468582428060472
1.4216419913282152E-5
1.4149408116281847E-6
9.610720553610008E-6
5.14433168063988E-6
7.842174454708584E-6
1.4766615095140878E-5
0.001207916997373104
9.753171070769895E-7
5.617682745651109E-7
3.667840064736083E-5
5.85580551160092E-7
2.9361475753830746E-5
1.4219082231647917E-6
3.5798393582808785E-6
3.6714982343255542E-6
7.227384230645839E-6
6.61630167542171E-7
7.347584323724732E-5
6.150219633127563E-6
4.974051989847794E-5
4.159695527050644E-5
7.69716450577107E-7
1.079214780475013E-5
1.2213344291467365E-7
7.39632241675281E-7
5.110074653202901E-6
2.6999539386451943E-6
1.781582227522449E-6
8.439039447694086E-6
1.0043574548035394E-5
7.23449716133473E-7
6.115196738392115E-4
1.757159952830989E-5
5.248465186014073E-6
2.6968273232341744E-6
9.187046998704318E-6
3.452261444181204E-5
1.6351907561329426E-7
9.563105152210483E-8
6.896427366882563E-4
3.08734388454468E-6
3.5458742786431685E-5
1.5817340681678616E-5
5.019597592763603E-4
2.821513044182211E-5
4.44927127318806E-6
6.317770385066979E-6
4.040204657940194E-6
2.182993193855509E-5
2.1073998141218908E-5
1.4160626733428217E-6
1.747852365951985E-4
5.0979822844965383E-5
8.549666381441057E-5
1.0996470518875867E-4
7.623350484209368E-7
1.9684674043674022E-5
8.86783964233473E-5
9.695383050711825E-5
1.1390444342396222E-5
4.4536008658724313E-7
6.435274002569713E-8
7.788892980897799E-5
6.009269782225601E-6
1.2285462389627355E-6
1.4766684216738213E-5
1.1173564473665465E-7
3.990250263541384E-7
1.5220591194520239E-5
7.426129013765603E-5
0.0017165772151201963
4.35771289630793E-6
9.850399692368228E-6
1.0599585948511958E-5
2.0541963294817833E-6
1.2618147593457252E-5
2.8839865535701392E-6
4.3002077291021124E-5
1.4029050362296402E-5
1.1980168346781284E-4
2.6815445153260953E-7
2.470823710609693E-5
5.47126546734944E-6
4.709915657485908E-8
1.5482695744140074E-5
1.8340306269237772E-6
9.84863072517328E-6
1.4902930706739426E-4
1.3327690248843282E-4
3.0980529118096456E-5
9.917419083649293E-5
2.1407696237929486E-7
3.2851778541953536E-6
2.292571394946208E-7
2.352357796553406E-6
3.0747693381272256E-4
2.633766853250563E-4
4.3286860454827547E-4
1.0955045581795275E-5
2.0895448687952012E-4
6.3384140958078206E-6
7.231357130876859E-7
3.416759500396438E-5
2.645094525632885E-7
5.697328106180066E-6
1.1066991646657698E-5
3.016774371644715E-6
2.530522942834068E-5
2.326044068468036E-6
6.275626219576225E-6
2.3563861759612337E-5
4.588540832628496E-6
8.244591299444437E-6
2.0116069663345115E-6
1.1616438132477924E-4
3.43524370691739E-5
8.356605394510552E-5
9.8635052836471E-7
3.695873829201446E-7
3.8510439480887726E-5
4.529421175902826E-7
2.6621457891451428E-6
5.086385499453172E-6
1.93526557268342E-6
1.2101349057047628E-5
3.720990889632958E-6
4.711732799478341E-6
2.4472094537486555E-6
1.1473302947706543E-6
5.610883818008006E-6
1.974082579181413E-6
5.4588181228609756E-6
4.209606231597718E-6
9.534813329992176E-7
4.380665486678481E-4
5.0620910769794136E-5
1.746776106301695E-4
2.208112164225895E-6
9.008152119349688E-6
5.8094869018532336E-5
8.233282642322592E-6
8.441432441941288E-7
2.468974344083108E-6
4.360994353191927E-6
4.870290695180302E-7
9.619056982046459E-7
1.262451314687496E-5
7.929300045361742E-5
2.151411990780616E-6
1.1143757546960842E-5
3.432807886838418E-7
1.5955022263369756E-6
9.957530710380524E-5
1.4260889429351664E-6
9.93931735138176E-7
4.459044248505961E-6
1.3225302609498613E-5
3.755201760213822E-5
1.1996856483165175E-4
9.449328786104161E-7
1.7274440722303552E-7
1.7039637896232307E-5
6.0969937294430565E-6
3.5980626762466272E-6
2.6803854780155234E-6
9.510466043138877E-6
4.1595931179472245E-6
1.4425665722228587E-4
2.5163604732370004E-5
6.472629138443153E-6
7.251418992382241E-6
6.918465714988997E-6
2.0142554149060743E-6
1.0631173790898174E-4
3.3734725093381712E-6
4.214427463011816E-5
2.7171545298187993E-5
4.644462023861706E-6
1.5942083564368659E-6
1.0259266855427995E-4
2.2009325039107352E-4
2.5238389298465336E-6
3.14678909489885E-5
1.7968894098885357E-5
8.167658052116167E-6
7.020589123385435E-7
2.800956508508534E-6
2.3581329514854588E-5
3.962752452935092E-5
6.473356961578247E-7
7.954287184475106E-7
1.2819834864785662E-6
1.6616726497886702E-5
1.2156760021753144E-5
6.941316314623691E-6
8.639967745693866E-6
5.438253083411837E-6
6.577144631592091E-6
7.435452425852418E-5
1.6485678315802943E-6
1.4617553460993804E-5
1.2684411103691673E-6
1.6821063297811634E-7
1.2598073908520746E-6
5.188564045965904E-6
1.5474259271286428E-5
9.680268249212531E-7
1.992947181861382E-5
2.7835529181174934E-5
1.82852763828123E-5
4.606968104781117E-6
6.077442230889574E-5
2.222779585281387E-6
2.6190405151282903E-6
3.099086752627045E-4
4.815209564412726E-8
1.0965186447720043E-5
2.2232636183616705E-5
5.200297891860828E-6
7.271967206179397E-6
3.77918286176282E-6
1.527826680103317E-5
1.830563269322738E-5
2.0601407868525712E-7
2.8846532131865388E-6
2.868967612812412E-6
1.597682603460271E-5
9.757413863553666E-7
1.369539745610382E-6
2.6248531867167912E-5
3.3792946396715706E-7
3.576015660655685E-5
2.7563194748836395E-7
1.1213351172045805E-6
2.730853793764254E-6
4.098013050679583E-6
1.7935003597813193E-6
2.6625509690347826E-6
1.1384341860321001E-6
8.443192882623407E-7
2.2986871044849977E-5
2.5964188807847677E-6
3.559641470474162E-7
3.4598610909597483E-6
4.620434083335567E-6
8.915339094528463E-6
1.9879310275427997E-4
4.176056336291367E-6
8.847773642628454E-6
1.4232367675504065E-6
1.8170158000430092E-6
2.339849015697837E-5
6.733282020832121E-7
8.679621532792225E-5
1.8495175027055666E-5
6.018381100147963E-7
5.178235824132571E-6
1.385777704854263E-5
9.578289791534189E-6
5.5932912800926715E-5
9.191506933348137E-8
2.0580602722475305E-5
1.0514654604776297E-6
3.06978945445735E-5
5.743655492551625E-6
4.318582432460971E-5
3.782503699767403E-5
1.327407153439708E-5
7.303679467440816E-6
8.843126124702394E-6
8.160117431543767E-6
1.6887423726075212E-6
7.594659109599888E-6
8.193277949430922E-7
1.5982191143848468E-6
3.919368828064762E-5
1.5442001313203946E-6
1.1012179129465949E-5
4.129208391532302E-4
7.217057600428234E-7
1.3810804375680164E-6
1.985757535294397E-6
8.157039701472968E-7
3.5210418900533114E-6
1.99084297491936E-5
6.191007173583785E-7
2.6316436560591683E-5
4.535841981123667E-6
1.348617752228165E-5
2.917442643024515E-8
4.043638455186738E-6
1.1231118151044939E-5
8.771093234827276E-6
1.9319412240292877E-4
4.821141919819638E-5
6.3363754634337965E-6
1.1984197044512257E-5
1.976602789000026E-6
3.6554708913172362E-6
9.404598131368402E-7
5.418137789092725E-6
6.569466677319724E-6
2.0365012005640892E-6
7.989089681359474E-6
9.400883413945849E-7
2.663827899596072E-6
6.815983851993224E-6
8.41425389808137E-6
5.1809533943014685E-6
8.076570452431042E-7
3.7814143070136197E-6
3.7819045246578753E-6
2.0338158719823696E-5
7.932816515676677E-6
1.0510663560125977E-4
1.345897362625692E-5
1.0577635293884668E-5
7.608172745676711E-5
1.5224918024614453E-4
3.135180804747506E-6
6.36182676316821E-6
8.929900104703847E-6
5.64249639865011E-5
8.982123290479649E-6
1.838980665525014E-6
1.7748952814145014E-6
5.41576519026421E-5
3.536680742399767E-5
5.347445494408021E-6
3.5204370760766324E-6
1.4402411579794716E-5
1.155742666014703E-5
1.7769531268641003E-6
2.5891018594847992E-5
2.4988463565023267E-7
2.1739519979746547E-6
7.56606297613871E-8
8.190757512238633E-7
1.1594790976232616E-6
8.13642373032053E-7
6.020298428666138E-7
5.777800197392935E-6
8.11850986792706E-6
6.128267386884545E-7
6.984003266552463E-5
5.730512953050493E-7
6.938341357454192E-6
1.9281269487692043E-6
4.992047593077586E-7
4.005202936241403E-5
5.302945282892324E-7
1.2128018624935066E-6
3.4058971323247533E-6
5.16442810294393E-7
2.372666131122969E-5
2.4477392798871733E-5
1.0235942227154737E-6
5.963267085462576E-6
2.4000426492420956E-5
4.1008078710547125E-7
2.8441601784834347E-7
4.812795850739349E-6
2.0000883523607627E-5
4.776404125550471E-7
4.62732987216441E-6
7.409882982756244E-6
4.654270640003233E-7
1.727330811718275E-7
1.1461575923021883E-5
2.3328666429733858E-6
4.206702612918889E-7
2.422254283374059E-6
3.1818519346415997E-4
2.3287448414066603E-7
3.754046019821544E-6
8.410572627326474E-5
1.5465819842575002E-6
7.681062470510369E-7
5.128629709361121E-6
5.803966359962942E-6
5.408345023170114E-4
2.0298729452861153E-7
3.94733069697395E-6
2.38227244153677E-6
5.9332549426471815E-5
5.368793765114788E-8
5.3655344345315825E-6
1.0725069614636595E-6
3.765359906537924E-6
1.4682818516575935E-7
1.5939593822622555E-6
4.686002739617834E-6
3.181969441357069E-5
5.758726615567866E-7
2.3400946247420507E-6
5.621561740554171E-6
2.411863079032628E-6
7.818358085387445E-7
2.98209897664492E-6
6.003718340252817E-7
1.215077645611018E-6
2.635569842368568E-7
4.2262289667860387E-8
3.808101837421418E-6
3.1852465554038645E-7
2.4104322164930636E-6
1.927743142005056E-6
6.0634698456851766E-5
1.5286776715583983E-6
4.877696824223676E-7
1.393311208630621E-6
2.2850938421470346E-6
3.909956376446644E-6
2.5659666391675273E-8
3.160555934300646E-6
1.1820347936009057E-5
3.1454698046218255E-7
1.579390482220333E-5
1.007924038276542E-5
1.233349848916987E-7
6.595205945814087E-7
1.3972899637337832E-7
1.0855956134037115E-6
7.0250662247417495E-6
2.7874727948073996E-7
3.242459740704362E-7
1.162297067480722E-7
9.039582664627233E-7
4.844193881581305E-6
2.18083914660383E-6
1.918356929309084E-6
8.924984058467089E-7
4.1319526644656435E-7
9.737191248859745E-7
1.0968107062581112E-6
5.068083055448369E-7
4.671101550002277E-8
1.2789230652288097E-7
2.3359747558515664E-7
2.2677511424262775E-6
2.2571377940039383E-6
3.08602557197446E-6
2.7273163141217083E-6
6.272249493122217E-7
4.5810725168848876E-7
1.4218240096397494E-7
6.309240916380077E-7
3.5655762076203246E-6
1.0469817652847269E-6
2.4011211507968255E-7
1.3518617834051838E-6
1.373696250084322E-7
6.021051035531855E-7
1.4659940461569931E-6
1.4550505511579104E-5
4.778049060405465E-6
2.145466851288802E-6
8.951770382736868E-7
5.6513087542953144E-8
4.230511194691644E-7
6.802190455346135E-8
8.84894291175442E-8
3.737386222724126E-8
1.234745241163182E-6
9.990374110202538E-7
4.194854227534961E-6
6.124110996097443E-7
6.582174592040246E-7
6.483539323198784E-7
4.023686273058047E-8
9.76275273956162E-8
7.378642408184533E-7
6.893114345984941E-7
1.8125593896911596E-6
3.4096301533281803E-6
2.062948396996944E-6
1.4763774913717498E-7
1.2774979722962598E-6
7.377807378361467E-7
1.6565542182434E-7
2.4222225647463347E-7
5.800977191938728E-7
1.2113150660297833E-6
2.5069604703276127E-7
3.052391264191101E-7
1.3804013576645957E-7
1.8390909826848656E-4
2.5997002239819267E-7
3.2991135867632693E-7
2.79678175729714E-7
2.935290694949799E-7
1.101110846946085E-8
9.704869086135659E-8
2.149057642952812E-8
1.3649034258378379E-7
2.7695243261405267E-5
4.3090189194572304E-8
1.1851140158114504E-7
2.0506207931703102E-7
1.080248068774381E-7
3.181294005116797E-6
9.808250069909263E-6
4.2628908403230525E-8
1.4794873095524963E-6
7.581118666166731E-8
1.2737170607124426E-7
1.4614818155678222E-6
2.376635421796891E-8
2.351261628064094E-6
1.660405501979767E-7
3.029000481546973E-7
2.7541613434323153E-8
1.7016151332427398E-7
8.538511053757247E-8
1.0416334816909512E-6
2.5295111782952517E-8
9.731506906973664E-7
1.6804548863547097E-7
8.99244412266853E-7
8.087869218798005E-8
5.035815888732031E-7
5.132845899424865E-7
3.269734634159249E-7
3.042183891466266E-7
2.643902519139374E-8
1.0580644982383092E-7
1.6203719255258875E-8
2.304065027658453E-8
6.572535937721113E-8
3.468577745024959E-7
2.554358786710509E-7
2.630321960239712E-9
1.920574116409668E-10
