Nucleosides, nucleotides, and analogues
3.982187627116218E-5
3.3869262551888824E-5
1.3898833230996388E-6
7.778970029903576E-6
8.090709116004291E-7
2.4511113224434666E-5
4.765910125570372E-5
2.776154360617511E-5
1.2491716006479692E-5
1.7939612007467076E-5
1.948025237652473E-5
1.1403701591916615E-6
2.196652530983556E-5
2.7031381250708364E-5
1.5629408153472468E-5
2.2754977180738933E-5
3.8752463296987116E-5
1.564984631841071E-5
1.0411490620754194E-5
1.095460720534902E-5
2.814947220031172E-5
2.8206146453158E-5
7.7022188634146E-5
1.720033287710976E-5
1.0585464769974351E-4
5.390042588260258E-6
6.518123882415239E-6
4.16287912230473E-5
4.269883220331394E-7
4.611532858689316E-6
2.090164525725413E-5
7.143005973375693E-7
4.117885509913322E-6
2.0081321054021828E-5
1.4619296052842401E-5
1.6433523342129774E-5
1.3470471458276734E-5
8.498394163325429E-5
1.5880552382441238E-5
3.8103456745375297E-7
2.0440700609469786E-5
4.8501897254027426E-5
2.4169396056095138E-5
1.4195295079844072E-5
2.8537633625091985E-5
1.0146798103960464E-6
7.060291977722954E-7
1.1860323866130784E-5
8.434837894810698E-8
8.698816600372083E-6
1.724198773445096E-5
1.3892185052100103E-5
1.3061831123195589E-4
2.148404689705785E-7
8.326321258209646E-4
2.064485124719795E-5
2.0266959836590104E-5
5.409592631622218E-7
1.7607542758923955E-5
2.6734664061223157E-5
9.206067943523522E-7
3.930592029632862E-8
8.797682676231489E-5
2.5968209229176864E-5
2.5311786885140464E-5
5.2096285799052566E-5
4.702993464889005E-6
1.9200320821255445E-5
7.749082578811795E-5
3.526877435433562E-6
1.1220292799407616E-4
4.205151071801083E-6
4.035148322145687E-6
1.1886123502335977E-5
1.3034832591074519E-6
4.669191753237101E-7
1.3681352720595896E-4
9.794893230719026E-6
1.4008028301759623E-6
3.109141471213661E-5
3.1631599995307624E-5
1.8943968825624324E-5
1.3428299280349165E-4
1.3116923014422355E-7
9.424852009942697E-8
9.728533768793568E-6
4.1444189946560073E-7
1.1206899944227189E-4
8.68240967974998E-5
1.1920194083359092E-5
7.683213709697156E-8
2.2265714505920187E-5
2.010357547987951E-6
7.008536044850189E-7
1.632372345738986E-6
1.368727498629596E-5
2.00273817085872E-7
1.8237528820463922E-7
1.7693905363103113E-7
1.193588559544878E-6
1.6017100278986618E-5
2.4898020001273835E-7
4.642874773708172E-5
2.3130995785436426E-8
1.4836191439826507E-5
1.5225107745209243E-5
1.152201605236769E-7
8.03375854729893E-8
1.2718812286038883E-5
1.692170172873375E-7
3.324305453134002E-6
2.616205279082351E-7
8.264481948572211E-6
2.671583933988586E-5
1.1398231691828187E-7
5.5350774630369415E-8
9.548267371428665E-6
2.4150594981620088E-5
1.86308659522183E-6
0.0030086738988757133
3.073825610044878E-6
1.5925317029541475E-6
1.214623171108542E-5
0.004828818142414093
1.7671665773377754E-5
1.0287667464581318E-5
1.1659775367434122E-7
7.5808657129528E-6
1.1725473996193614E-6
6.851594662293792E-5
9.125227506956435E-7
0.003669258439913392
2.3201566818897845E-6
1.5359599103703658E-7
2.6444654213264585E-4
2.0285663140384713E-6
1.800060260848113E-7
4.861861953031621E-7
1.56638867338188E-4
8.676040124555584E-6
2.609192506497493E-7
2.6361207346781157E-5
2.888929202526924E-7
2.0024540390295442E-6
4.916218313155696E-5
1.2807338498532772E-4
1.9139573851134628E-5
4.507199719228083E-6
7.893990550655872E-5
0.02240678109228611
2.823928468842496E-7
2.6725584234554844E-7
2.6054780732920335E-7
2.4887745553314744E-7
2.555867695264169E-7
5.676196224158048E-7
8.652275027998257E-6
6.546167242049705E-6
9.069515272130957E-8
2.399456434432068E-6
8.336367329775385E-8
2.2341446310747415E-5
1.827283568900384E-7
1.0304432362318039E-4
3.616565663833171E-5
4.2388997826492414E-5
5.855144991073757E-7
1.4956754057493526E-7
0.036465082317590714
1.2104432244086638E-5
7.483144599973457E-6
7.422579074045643E-5
2.5879729946609586E-5
4.513776730163954E-7
4.075781544088386E-5
1.0193882644671248E-6
1.1574188101803884E-4
2.4270544599858113E-5
1.7578145161678549E-6
7.700184312398051E-8
1.8312699103262275E-4
2.690778501346358E-6
2.31490912483423E-6
1.0586937833068077E-6
2.3985078811961102E-8
1.2880231224698946E-5
3.1048336950334487E-6
1.1819763585663168E-6
2.013928650512753E-7
9.359871910419315E-5
5.522009359992808E-6
1.4269597159000114E-5
9.68538734014146E-5
4.587240255204961E-5
5.775867248303257E-5
4.256717289763401E-8
8.070517651503906E-5
1.7655345629918884E-7
8.473658817820251E-5
1.9493001673254184E-5
2.4699636114178247E-8
4.3801865103887394E-5
2.417769137537107E-4
4.058507329318672E-6
1.3520218089979608E-5
5.653710104525089E-6
1.4984786957938923E-6
1.496353405627815E-7
9.780318941920996E-4
3.529127934598364E-5
4.975047195330262E-4
7.688018959015608E-4
1.2319133020355366E-6
8.232352115555841E-7
8.932779138604019E-8
2.134771506234756E-7
7.957961497595534E-5
7.283132163138362E-6
2.564646592873032E-7
2.64346311951158E-7
1.3576698256656528E-4
3.3861892916320357E-6
1.1988377082161605E-5
6.458407824538881E-6
0.0010222606360912323
9.988830242946278E-6
6.436604307964444E-4
1.5255948710546363E-5
1.1343163208721307E-7
9.678382775746286E-4
3.136402710879338E-6
1.608759362170531E-6
6.754554342478514E-4
1.473511588301335E-7
2.1665780877810903E-5
9.974875325724497E-8
1.491415750933811E-4
7.098251080606133E-5
5.32860155999515E-8
5.916446025366895E-5
1.314885196279647E-7
2.7484680686029606E-5
1.9437004539213376E-6
2.8986943334530224E-7
1.9521237959452264E-7
3.7421222077682614E-4
9.66635241638869E-4
2.2924019503989257E-5
7.333984513024916E-7
3.7785454765071336E-7
0.006896590813994408
8.140677891788073E-6
1.0179339682281352E-7
7.006045166235708E-8
4.6105822093522875E-7
7.610528314216936E-7
1.1822716260212474E-5
3.0422103009186685E-4
3.682526221382432E-5
3.449498035479337E-5
9.016506652415046E-8
1.882085172155712E-7
7.580544479424134E-5
8.821942287795537E-7
6.2955696193967015E-6
1.591024556546472E-6
1.575523782548771E-7
7.987954120380891E-8
2.1674068761967646E-7
1.1806625366261869E-7
4.1668267840577755E-6
0.0025418088771402836
3.4484804928069934E-5
4.6023815230000764E-5
1.7576918253325857E-5
1.7063242694348446E-6
7.859733841542038E-8
4.2644037989703065E-7
2.0405946088430937E-6
1.3042037608101964E-5
1.1414402251830325E-5
0.002498277695849538
1.5186711607384495E-5
1.2704276741715148E-5
7.417136771437072E-8
4.392007213027682E-6
1.0314599785488099E-4
1.875125548167489E-7
3.0628787499153987E-5
3.970945726905484E-6
1.4159658121570828E-6
2.622181796141376E-7
6.635824320255779E-6
2.6417867502459558E-6
3.0014198273420334E-5
3.3356386666127946E-6
8.493394852848724E-5
1.1192224036449261E-7
1.8423192159389146E-5
2.555021183070494E-6
1.94198634062559E-7
1.183914832836308E-7
3.568662577890791E-5
2.6359969069744693E-6
1.256908399227541E-5
4.5980053187122394E-7
1.9382836399017833E-5
7.858887547627091E-4
0.0016665172297507524
9.723232778924285E-7
1.0536035915720277E-5
5.802529358334141E-6
1.4067703659748076E-6
3.9337868429356604E-7
1.8417122191749513E-4
1.667690958129242E-5
0.0791868045926094
3.2238442599918926E-6
2.327796892132028E-6
7.472179675005464E-8
2.8921610351062554E-7
7.229602942970814E-6
3.9127633499447256E-5
5.172756118554389E-6
5.573263024416519E-6
2.7909256914426805E-6
4.729072315967642E-5
1.4137166317595984E-6
1.665210038481746E-5
9.613329865487685E-8
1.2417986908985768E-5
7.996613931027241E-7
1.954996093900263E-7
9.025047376098883E-8
1.159041203209199E-4
6.149855948933691E-7
4.8956015234580263E-5
3.828840817732271E-7
1.0263462172588333E-5
9.830532121668512E-8
6.473222165368497E-4
7.065585668897256E-5
2.03174138846407E-7
0.001316019450314343
6.662437712634528E-9
1.4419052604353055E-5
1.2866392353316769E-5
6.091379844974654E-8
7.202191909527755E-7
2.8183779932078323E-7
1.1353848350381668E-7
1.569386586197652E-5
0.01714242994785309
1.9894144497811794E-4
6.274395047967118E-8
7.006229907347006E-8
3.2857010978659673E-7
1.3227037925389595E-5
6.194069555931492E-6
1.1950445468755788E-6
1.2252166015969124E-5
5.2362850055942545E-8
0.005849496461451054
1.88321246241685E-5
0.01826142519712448
8.352986696991138E-6
1.4311420670765074E-7
1.5958657684223E-7
1.283463916479377E-6
2.4421153739240253E-6
1.4894641253704322E-7
2.9214011738076806E-4
7.68538739066571E-5
1.1030791711164056E-6
5.4030540042049324E-8
1.4994871833096113E-7
3.6722724416904384E-8
6.409770492155076E-8
1.3198015267334995E-6
1.0223759090877138E-5
1.8382425537311065E-7
2.466649391408282E-7
8.215530215238687E-6
6.25758184469305E-6
2.1278714257277898E-7
1.9921698424241185E-7
6.343359615357258E-8
4.956750672135968E-7
5.22333220942528E-6
1.8124504208572034E-7
1.3862359992344864E-5
4.0577605250291526E-4
6.7257165028422605E-6
3.399941779207438E-4
1.3255100384412799E-5
1.0337719686503988E-5
4.212851308693644E-6
6.66721462039277E-5
9.794575817068107E-8
1.2256361969775753E-7
5.080203209217871E-6
8.605799450833729E-8
6.932968688033725E-8
1.68384394783061E-5
0.003564098384231329
5.770896223111777E-6
2.315032725164201E-5
1.6237183444900438E-5
0.0026650477666407824
3.55914089595899E-5
5.468667154673312E-7
5.884697173996756E-8
5.8182045847843256E-8
1.5947979647989996E-7
5.085072416477487E-7
6.168899346903345E-8
3.216189725208096E-5
5.936329117162131E-8
1.6836074223647302E-7
2.3334258003160357E-4
1.8308164726477116E-4
6.028912480360304E-7
1.392125227539509E-6
3.6488858313532546E-5
9.487469214946032E-4
4.1675612294511666E-8
6.015837783479583E-8
1.690010549282306E-7
1.2110961051803315E-6
8.956676538218744E-6
5.161713261259138E-7
2.89834815703216E-7
6.701802846009741E-8
0.003839848330244422
9.745394345372915E-5
2.893353521358222E-4
1.865461490524467E-5
5.3645912601041346E-8
2.7627661438600626E-6
4.9089674547531104E-8
2.6298651937395334E-4
4.151005583707956E-8
1.3947304978501052E-4
1.0609457967802882E-4
1.0058821317215916E-5
1.2209326314405189E-6
1.6860309415278607E-6
4.962165434108101E-8
0.0019415776478126645
6.264548915169144E-7
1.476717588957399E-4
9.748402618470209E-8
5.150262732058764E-4
1.4887595170876011E-5
4.878508207184495E-6
2.7418906256571063E-7
4.129492481297348E-8
5.6200704534603574E-8
1.7203567495016614E-6
4.316708768214994E-8
1.7765911252354272E-5
9.094266715692356E-5
1.5398026107504847E-6
1.4702925454912474E-6
3.6614217151509365E-6
1.9989993234048598E-5
2.511062484700233E-4
3.206358087481931E-5
1.3217572995927185E-4
7.726609965175157E-7
8.104401786113158E-6
1.749168150126934E-4
5.799348201662724E-8
3.3665471710264683E-4
1.0835099928385716E-8
2.2058512172407063E-7
5.243256237008609E-5
4.919141647405922E-4
1.2845208402723074E-4
4.9973653659662887E-8
2.4819505597406533E-6
3.9422762347385287E-4
4.312377132009715E-4
4.259619501567613E-8
9.4619594165124E-5
5.095168035040842E-6
4.746621939943907E-8
1.046745092025958E-4
3.9636688597965986E-7
3.924177690350916E-6
1.872347468179214E-7
8.928723218559753E-6
2.8464839488151483E-5
8.626895464658446E-7
2.5389608344994485E-4
1.3100058140480542E-6
7.653428610865376E-7
1.2775815605436946E-7
1.3856931218469981E-5
2.241928013972938E-4
3.5317968922754517E-6
2.1173541608732194E-4
7.979404017532943E-7
0.0034637285862118006
1.1048655869672075E-4
1.060677163877699E-6
4.205476216156967E-6
3.239018042222597E-5
6.458279244725418E-8
0.001592525513842702
5.471261101774871E-4
1.5133851150039845E-7
1.7465023915974598E-7
0.19901011884212494
1.4285449287854135E-4
7.810877491465362E-7
1.1872386806999202E-7
9.894840331980959E-6
3.115851313850726E-6
3.21462323427113E-7
1.5539124433416873E-5
9.286559077281709E-8
5.917121598031372E-5
7.745176844764501E-6
6.342308188322932E-5
1.454650737287011E-5
7.249238842632622E-5
9.414356463821605E-5
6.0803591622971E-5
6.679660202735249E-8
6.637971819145605E-5
1.11514179934602E-6
2.606807584015769E-6
5.489301884153974E-7
2.7570599741011392E-6
1.6001303447410464E-4
8.183841600839514E-6
8.956882169286473E-8
1.622080731067399E-6
5.6733253586571664E-5
2.5976930828619516E-7
3.919503342331154E-6
3.7220100057311356E-4
0.009091840125620365
5.289042746881023E-6
5.562998703680933E-4
1.4194984032656066E-6
8.229094561329475E-8
1.5516614837451925E-7
2.0543271602946334E-5
8.205123776861E-6
2.1835968072991818E-4
0.0017841618973761797
1.4216569070413243E-5
8.126449392875656E-5
0.012283312156796455
1.4455613950303814E-7
2.3815096938051283E-5
1.7812076293921564E-6
2.862828729632838E-8
1.5874529708526097E-5
1.954919753188733E-6
3.863348683807999E-5
5.0237968451938286E-8
3.077642395510338E-5
2.545984898461029E-7
0.022028392180800438
0.0011308037210255861
3.495204623504833E-7
3.4581432828417746E-6
1.9788078134297393E-5
1.6174082702491432E-4
1.994229251067736E-6
1.8513084398819046E-7
1.459137166648361E-8
1.8171621718465758E-7
4.739883297588676E-5
2.8894342563035025E-7
1.9569304754440964E-7
0.010979311540722847
4.749097115563927E-6
0.001190874958410859
5.835768774886674E-7
0.14232738316059113
6.941694152828859E-8
7.11826771748747E-7
1.1883959086844698E-4
6.392138857336249E-6
1.278751597055816E-6
4.4924032494009225E-8
5.539978701563086E-6
7.477540364675406E-9
1.9560109649319202E-5
2.1858897980564507E-7
6.238495643628994E-6
2.5817616915446706E-6
1.3192671758588403E-5
7.730491925030947E-4
5.156008953122182E-8
5.423814291134477E-4
2.3827139372656347E-8
6.760580362197288E-8
1.2383232387946919E-5
1.7956448573386297E-5
6.115341477652692E-8
3.551032204995863E-5
1.2439208774139843E-7
3.3654669095994905E-7
5.222341314947698E-6
6.535157444886863E-5
2.5106062366830884E-6
2.4399038011324592E-5
6.057389782654354E-6
1.183218955702614E-5
1.9877665735634764E-8
1.1532963526406093E-6
7.300941069843248E-5
1.6407451767008752E-4
4.959002399118617E-5
4.637736878976284E-7
0.015323097817599773
6.1105956774554215E-6
2.4451137505820952E-6
1.489340138505213E-5
5.845972918905318E-5
1.2778123164025601E-5
1.2044980394421145E-4
5.097534767628531E-7
1.4293668209575117E-4
0.0011868695728480816
1.3660697732120752E-5
2.6021043595392257E-6
5.0774541904274884E-8
3.202210646122694E-4
2.7144060368300416E-6
1.551211898913607E-4
0.004012639634311199
1.3229977412265725E-5
3.002819539688062E-7
1.2596639862749726E-4
2.808335702866316E-4
5.837481609205497E-8
1.2042112757626455E-5
2.0452963767070287E-8
4.547553089651046E-8
6.837342994003848E-7
7.160784298321232E-5
0.0011152463266626
3.985390321759041E-6
5.856219900124415E-7
5.320688387655537E-7
1.3617864169646055E-7
4.518374043982476E-5
3.065766577492468E-6
2.306158421561122E-5
4.574958438752219E-6
5.852451431564987E-4
1.381153253987577E-7
1.157833139586728E-6
7.700429705437273E-6
2.9383871336108314E-8
1.1497568630147725E-4
5.188355967078451E-9
7.588448352180421E-4
3.898496797773987E-4
1.7715552530717105E-5
2.2141009594633942E-6
1.2523036275524646E-4
1.189487193187233E-6
3.3648432236077497E-6
3.0098796344191214E-8
6.31920238447492E-6
8.00398993305862E-4
1.2503992184065282E-4
1.6078069165814668E-4
2.9717582492594374E-6
4.9141421186504886E-5
0.0013634172501042485
5.342158146959264E-7
2.6411232738610124E-6
1.4318787577849434E-7
1.1559276913430949E-7
3.562859944850061E-7
5.732561092486321E-8
4.6233515604399145E-4
1.916714836625033E-6
1.1160256690345705E-5
9.262115054298192E-5
7.310426894946431E-7
1.8625391362547816E-7
1.6987251001410186E-5
1.8064842151943594E-4
1.1583889136090875E-4
0.9821611046791077
1.1025053936464246E-7
6.218392201162715E-8
7.056493359414162E-6
1.719790674314936E-7
2.61809896073828E-6
3.1458395000072414E-8
4.996068891927052E-9
7.997364446055144E-5
7.94333936937619E-6
1.606926502972783E-7
6.488759254352772E-7
2.6672087187762372E-6
4.246440994393197E-7
2.0853356375027943E-7
4.1291625052508607E-7
1.3415466355581884E-6
3.337947518389228E-8
9.270073496736586E-5
2.282362856931286E-6
2.6181191788055E-4
1.8850128981284797E-5
1.59183400683105E-5
3.7223141407594085E-4
2.3040393716655672E-4
2.2942609234632982E-7
1.039240578393219E-5
5.335040441423189E-6
1.280601367170675E-7
3.486049536149949E-6
2.0682450667663943E-6
6.647642749157967E-6
8.52383891469799E-7
0.004258689470589161
6.271375951882874E-8
2.3839161258365493E-6
2.265144939883612E-5
4.194814096081245E-7
3.182605723850429E-6
4.3731187560069884E-8
4.540487861959264E-5
0.9488525986671448
4.412086127558723E-5
4.5921655100755743E-7
1.905124236145639E-8
1.1117440590169281E-4
1.0730495705502108E-4
8.277781307697296E-5
3.402218908377108E-6
1.8131264369003475E-5
4.348311631474644E-5
1.3690323612536304E-6
7.051719003356993E-4
1.3440835573419463E-6
2.058898189716274E-6
3.433981191847124E-6
1.8141005421057343E-4
1.9480797345750034E-4
5.456877715914743E-6
3.809639747487381E-5
3.4039405818475643E-6
3.9911579818863174E-8
5.979748493700754E-6
1.1934105714317411E-5
0.8634449243545532
2.025860112553346E-6
5.658869122271426E-5
9.795806545298547E-5
2.222343573521357E-5
6.958846370253013E-7
1.707016735963407E-6
7.490310235880315E-5
2.3606495233252645E-5
1.4993422610132257E-6
1.5803217934262648E-7
2.5693943825899623E-6
1.8906684999819845E-5
4.992761751054786E-5
1.0622444824548438E-4
3.192667463736143E-7
9.318362572230399E-6
4.645224180421792E-5
1.4082736925047357E-5
4.879507020660867E-9
1.3330555702850688E-5
1.4626218217017595E-5
1.841349472897491E-8
9.162652645500202E-7
7.65467234487005E-7
2.071599283226533E-6
3.17114609060809E-6
1.0348848263674881E-5
6.129731104920211E-7
1.1389383871573955E-4
6.616502560063964E-6
2.912431682489114E-7
1.304333068219421E-6
6.145294719317462E-6
1.0676726560632233E-5
1.1778949016161278E-7
7.997695661288162E-7
3.752806151169352E-5
4.229824753565481E-6
3.5903744901588652E-6
1.6718855476938188E-4
9.346272804577893E-7
8.822666859487072E-5
6.780739880696274E-8
8.68841254941799E-7
8.6282774702795E-8
1.3774374383501709E-4
4.0035763504420174E-7
1.515896656201221E-6
1.373011400573887E-5
3.1099230568543135E-7
1.7774382286006585E-6
1.6154399418155663E-7
2.0872566892649047E-6
6.992667778149553E-8
2.6095015073224204E-6
1.3737430890614633E-6
5.818605586682679E-6
1.5602465452957404E-7
1.4052699270905578E-6
3.069514377784799E-6
6.4051150729937945E-6
3.01227629506684E-7
1.3927308827987872E-5
1.211668205769456E-7
2.929857600975083E-7
2.695184593903832E-5
2.5652347176219337E-5
4.390491312733502E-7
5.836188847752055E-7
1.7323458223472699E-6
3.789271067944355E-5
8.82314665773265E-8
1.0983873153236345E-6
5.440114705379528E-7
8.174875461008924E-7
1.9022772335119953E-7
1.71464449749692E-7
4.6813143853796646E-5
6.108008528826758E-5
1.694863449586137E-8
5.239887173047464E-7
1.1691516874634544E-6
5.078552476334153E-6
8.791489563009236E-7
1.5879213606240228E-5
1.1416411871323362E-4
4.6046284296608064E-6
4.050202164762595E-7
6.677235069219023E-5
2.7623667619991465E-7
6.034617854311364E-7
2.5685505988803925E-6
3.900303454429377E-6
5.118868671161181E-7
1.741962705636979E-6
1.1099420049731634E-7
2.3320615127886413E-6
1.2525707461463753E-5
4.480688176045078E-7
2.4485436256327375E-7
1.9667142225898715E-7
5.063425874141103E-7
1.742292141670987E-7
1.0151398782909382E-5
1.1472972119008773E-6
3.836932137346594E-6
2.999414050464111E-7
0.003323469078168273
1.795337212229242E-8
3.833930804830743E-6
3.508436066113063E-7
2.1481551812030375E-5
1.246085867023794E-5
8.988346849037043E-7
3.836397866052721E-7
2.4155267510650447E-6
6.920253525777298E-8
1.0846882503301458E-7
1.968501095461761E-7
3.6098501254855364E-7
5.958745532552712E-6
6.766996563101202E-8
2.8578699584613787E-7
2.1907769820472822E-8
1.169465917882917E-6
5.948384682596952E-7
2.249807948828675E-6
1.902821968542412E-4
1.4893189472786617E-6
3.653058229247108E-7
3.7827527421541163E-7
1.6196505612242618E-6
7.999848094186746E-6
8.717412711121142E-4
4.6368162998078333E-7
1.7376198684360133E-6
8.131781942211092E-5
2.2802050807513297E-6
1.7043724653831305E-8
0.19306451082229614
1.5451023500645533E-6
4.2841767822210386E-7
5.548179728975811E-7
6.81782978517731E-7
7.39006418370991E-6
3.7337972003115283E-7
1.5643038295820588E-6
9.663954614325121E-8
1.2462260201573372E-7
1.8905504930444295E-6
4.068074304086622E-7
0.0049132537096738815
8.616399895799987E-7
3.016803518107736E-8
2.099899631957669E-7
1.8351408170858008E-9
3.462220288241724E-9
0.009390249848365784
4.1384936366739566E-7
7.78222215558344E-8
2.3293100070986839E-7
9.620645869290456E-6
1.9718767063636733E-8
0.863194465637207
2.1960272533760872E-7
2.135871327482164E-4
4.40036274085287E-7
3.8300885307762655E-7
5.949137289462669E-7
1.1225223772726167E-7
2.093786655166241E-8
2.2559633805485646E-7
1.2696363000941346E-6
2.5804692995734513E-6
3.696782414408517E-6
5.83128390019283E-9
2.7761430487771577E-7
2.15107029362116E-5
3.6645110412791837E-7
3.871516582876211E-7
1.8124059408819448E-7
6.680627393507166E-7
3.0301862352644093E-6
8.788018845962142E-8
2.692682610359043E-4
1.8278337066135464E-8
1.1021803629773785E-6
2.0419114662217908E-5
2.9110960753087056E-8
1.992489160329569E-6
1.1177433407283388E-5
1.2344249853413203E-6
1.7668716623120417E-7
0.009076612070202827
3.995029942416295E-7
1.6277377667961446E-8
7.840560101612937E-6
3.2324429355412576E-8
6.96231893471122E-7
0.003693865379318595
2.3967751872078225E-7
2.3339642211794853E-5
1.9104481907561421E-7
1.8211694907677156E-7
2.366117790586486E-8
2.641132468284013E-8
3.662342464849644E-7
5.414288466454309E-7
7.607360430483823E-7
7.936762358440319E-8
1.0359877222754221E-7
1.6333002577084699E-6
9.881046025839169E-7
1.204322325065732E-5
2.3727884013169387E-7
7.721657311776653E-5
1.652276114327833E-5
3.385216373885669E-8
5.1095479847163006E-8
4.60640485755448E-8
6.161902206258674E-7
8.670794748866228E-9
7.410021498799324E-5
3.2990550380418426E-7
3.1164521629989395E-8
3.913652108167298E-6
5.25898883552145E-7
2.4043824851105455E-6
7.848673249100102E-7
1.340175259656462E-8
9.082094010182118E-8
3.1476194095603205E-8
2.856294978315077E-9
5.9691278693208005E-6
6.127756478235824E-6
8.184208013517491E-7
8.080554039224808E-7
1.9838306286601437E-7
3.293310868457411E-8
1.6300097271937375E-8
1.0947082955681253E-6
2.454410541474772E-8
1.9023365894099697E-5
6.823579479231512E-9
9.913353693491445E-8
6.406562391703119E-8
2.4603960468994046E-7
1.554799240466309E-7
2.65262838183844E-6
2.686697598619503E-6
5.231458288790236E-8
2.9276705504344136E-8
1.802333216005536E-8
1.4514365886952874E-7
2.2232413243727933E-8
1.6423952198252323E-9
6.510503567369597E-7
4.6960316524291557E-8
2.2560584511666093E-7
7.57474424517568E-7
5.937968126090709E-6
0.9740021228790283
3.534819938977307E-7
1.1217227147142239E-8
7.695746830904682E-7
1.5100073369467282E-7
0.0015052391681820154
3.3669640409073054E-9
1.3113996999436495E-7
1.8876203284889925E-6
1.8268159465151257E-6
4.1858299937302945E-8
1.4785987332288641E-6
1.6005203917757171E-7
1.0379562809248455E-6
5.741010227211518E-7
7.217987274543702E-8
8.838481613260285E-10
5.918495915580024E-9
2.868145498879926E-9
5.34969444743183E-7
1.2935121862511778E-9
4.567318967474421E-8
1.1829930599560612E-6
3.871164722113463E-9
2.3440168206434464E-7
4.98467267462388E-9
5.867490315836221E-8
1.3016899558238038E-8
5.690557713933231E-7
7.464063145334876E-9
4.718475388187926E-9
1.1242332220717799E-7
6.889094805728746E-8
8.659024786084046E-8
3.796732173100281E-8
3.713973129038095E-8
1.8121002653970208E-7
1.9713848331548434E-8
2.490869292159914E-6
6.81709799721375E-9
2.8079896310373442E-6
2.8958782039012476E-9
4.859217916930447E-9
2.9554314551205607E-7
3.320272753626341E-6
2.9023802028405044E-8
4.6206625192724005E-9
2.1048986997840302E-9
2.59827447735006E-6
8.878667046019473E-8
2.9367630549614887E-9
1.5378658702047687E-7
2.037988222625131E-9
2.1771550109406235E-6
1.3008693677818428E-8
1.4694988559327271E-9
0.9971314668655396
4.3946039340880816E-7
9.092597252902124E-8
1.2332524192970595E-6
7.149301382014528E-7
3.902777656605849E-9
7.656181799653439E-10
8.593028510972545E-10
2.591199477208761E-9
3.460473863015068E-7
1.3199122683715814E-8
5.790962820384493E-9
4.734025615960036E-9
1.8746808905234502E-7
3.058064468319799E-9
1.3820924493757047E-7
2.1041779429964436E-9
1.0348673384896756E-7
1.8046054650611154E-9
3.2513451930782367E-9
5.334364061582164E-9
7.349714725712886E-10
2.948786992362784E-9
2.628835371609739E-9
4.694749589084779E-10
3.548098561623192E-7
2.9557398306678806E-8
2.798165699147148E-9
1.1779859931948522E-7
1.869042876023741E-8
4.7448462936472424E-8
4.4859525871743244E-8
3.755177502284823E-8
1.9919654814515297E-9
3.196888934131614E-11
