Organic oxygen compounds
0.9999388456344604
0.9999989867210388
0.999894917011261
0.9998626112937927
0.9987971782684326
0.9999797344207764
0.9999988675117493
0.9999482035636902
0.9999998807907104
0.9999977946281433
0.9999703764915466
0.9892516732215881
0.9999953508377075
0.9999806880950928
0.9999997615814209
0.9999997019767761
0.9997251033782959
0.9999049305915833
0.9993161559104919
0.9971874356269836
0.9999966621398926
0.9999839663505554
0.4481257200241089
0.9997760653495789
0.9996489882469177
0.9999890923500061
0.9999456405639648
0.9329911470413208
0.9999032020568848
0.9998058080673218
0.9999993443489075
0.9264088869094849
0.9999712705612183
0.9980946779251099
0.9999994039535522
0.9002673625946045
0.9999845027923584
0.999973714351654
0.9995934367179871
0.920265257358551
0.9999955892562866
0.9999985098838806
0.9999995827674866
0.999999463558197
0.9132734537124634
0.01822909340262413
0.9787688851356506
0.9999505281448364
0.9837349057197571
0.7118691205978394
0.9987468123435974
0.9999883770942688
0.9999893307685852
0.9999004006385803
0.9999988675117493
0.9991380572319031
0.9999483823776245
0.8544884324073792
0.998300313949585
0.9999951720237732
0.9998629689216614
0.9991456866264343
0.9999974370002747
0.9999920129776001
0.9993048906326294
0.9999945759773254
0.9999948740005493
0.9999942183494568
0.9999994039535522
0.002010825090110302
0.9999979138374329
0.9998799562454224
0.999800443649292
0.9999194145202637
0.9999575614929199
0.9810253977775574
0.9999924898147583
0.9999992251396179
0.9999913573265076
0.9998687505722046
0.01836264692246914
0.999995231628418
0.9999924302101135
0.9977367520332336
0.9987267851829529
0.9999986290931702
0.9076753854751587
0.9999935030937195
0.7887099981307983
0.9999989867210388
0.9993124604225159
0.999165415763855
0.9996192455291748
1.270609354833141E-4
0.9999588131904602
0.9999799132347107
0.9989655613899231
0.9990682005882263
0.9985874891281128
0.9947790503501892
0.995633065700531
0.9995294213294983
0.9999951124191284
0.9999988079071045
0.9966897368431091
0.02111574448645115
0.0014412389136850834
0.9999980926513672
0.9986876249313354
0.9993035793304443
0.5491116642951965
0.9999834299087524
0.9999586343765259
0.004636851605027914
0.9996041655540466
0.9994361400604248
0.9990137219429016
0.9999809861183167
0.9999989867210388
0.9999940991401672
0.9995927810668945
0.04362700134515762
0.999997615814209
0.999999463558197
0.9999961256980896
0.9991152286529541
0.9996518492698669
0.9999992847442627
0.9998597502708435
0.9999973773956299
0.9983230233192444
0.9999966621398926
0.9999995231628418
2.0340924675110728E-4
0.9999578595161438
0.9549825191497803
0.9998952150344849
0.9998440742492676
0.9999927282333374
0.9999916553497314
0.9998973608016968
0.9999362230300903
6.71164772938937E-4
0.9999995827674866
0.998416543006897
0.9999751448631287
0.9995616674423218
0.9158135652542114
0.9999994039535522
0.9999998211860657
0.9996237754821777
0.9999015927314758
0.9999976754188538
0.9977536201477051
0.9991815090179443
0.99997878074646
0.9991595149040222
0.05349072441458702
0.9977890849113464
0.9999997019767761
0.999419629573822
0.9985865354537964
0.9998443126678467
0.9998288154602051
0.9999977350234985
0.9995796084403992
0.9999606013298035
0.9999444484710693
0.9999998807907104
0.9998824000358582
0.9986497759819031
0.9999942183494568
0.9995875358581543
0.9999024868011475
0.999995768070221
2.871109754778445E-4
0.9991199374198914
0.9985190033912659
0.9982964992523193
0.9998234510421753
0.9959303736686707
0.9999998807907104
0.9999564290046692
3.039404982700944E-4
0.984183132648468
0.9999629259109497
0.9999983310699463
2.1131393441464752E-4
0.996673583984375
0.9999994039535522
0.9999120831489563
0.9997720718383789
0.9999529123306274
0.9999954700469971
0.9999940395355225
0.999060869216919
0.9987501502037048
0.9999446868896484
0.9999998211860657
0.9997351765632629
0.9861718416213989
0.0032435443717986345
0.9999905824661255
0.999329686164856
0.9999988079071045
0.011587810702621937
1.7691856191959232E-4
0.9950762391090393
0.9998970031738281
0.005809775087982416
0.9997386336326599
0.9999955296516418
0.998161256313324
0.001361029571853578
0.9997931718826294
0.999805748462677
0.9999845027923584
0.9579312801361084
0.9999824166297913
0.9999656677246094
0.998271107673645
0.9996812343597412
0.999984085559845
0.9942155480384827
0.9999921321868896
0.9999751448631287
0.9999912977218628
0.9999908208847046
0.9998273253440857
0.9999932646751404
0.9999954104423523
7.010705303400755E-4
0.9998418092727661
0.9999495148658752
0.9705233573913574
0.9997522234916687
0.9999991655349731
0.9999986290931702
0.9998519420623779
0.9992661476135254
0.9999575614929199
0.9999977946281433
0.9999339580535889
0.9999046921730042
0.9999076724052429
0.9999954104423523
0.9999913573265076
0.9999479055404663
3.993786231148988E-4
0.9999727606773376
0.9999998807907104
0.9999930262565613
0.9999462962150574
0.9994359612464905
0.9999771118164062
6.12132775131613E-4
0.9999769926071167
0.9999889731407166
0.9978150725364685
0.04907161742448807
0.9999850392341614
0.9999801516532898
0.9999997019767761
0.9999883770942688
0.9995014667510986
0.9999122619628906
0.9999226331710815
0.999975323677063
0.9999492168426514
0.9998343586921692
0.9999934434890747
0.9999955892562866
0.9996249079704285
0.999999463558197
0.9999940395355225
0.9999380111694336
0.9997515082359314
0.999923586845398
0.9982021450996399
0.9963181018829346
0.9999457001686096
0.9999870657920837
0.9999993443489075
0.9999992251396179
0.9998623728752136
2.8511552955023944E-4
0.9999864101409912
0.9839383363723755
0.999869167804718
0.1088515892624855
0.9999541640281677
0.9999551177024841
0.9999998807907104
0.002206001430749893
0.9999942779541016
0.9999997615814209
0.9999977946281433
0.9999383687973022
0.9999977350234985
2.8693306376226246E-4
0.9999827146530151
0.9999489784240723
0.9999819397926331
0.999350368976593
0.9999919533729553
0.9999756813049316
0.00293607241474092
0.999972403049469
0.9999967217445374
0.9999536871910095
0.9999997615814209
0.999955415725708
0.9999996423721313
0.9999998807907104
0.9998628497123718
0.9999069571495056
0.9999994039535522
0.004296776372939348
0.9999997615814209
0.99997478723526
0.9999808669090271
0.9999980330467224
0.9830758571624756
0.9999679327011108
0.9999688267707825
0.003538589458912611
0.0019073882140219212
0.9999610185623169
0.9998947381973267
0.999823272228241
0.9997684955596924
0.9999971985816956
0.9999908208847046
0.9998819828033447
0.9999995231628418
0.9999930262565613
0.9999269843101501
0.9999932646751404
0.9999881386756897
0.999911367893219
0.9999978542327881
0.9988813996315002
0.9999808669090271
0.9999985694885254
0.9696972370147705
0.9999892115592957
0.9998740553855896
0.9946940541267395
0.999988853931427
0.9999538660049438
0.9999279379844666
0.9991689920425415
0.9999976754188538
0.9999662041664124
0.9999447464942932
0.9999421238899231
0.9999891519546509
0.9998762011528015
0.9989066123962402
0.9999172687530518
0.9999971985816956
0.999953031539917
0.9999992847442627
0.9998328685760498
0.9999999403953552
0.9999997019767761
0.9999619126319885
0.9999368786811829
0.9999740123748779
0.9999901652336121
0.999957263469696
0.9999991059303284
0.9999159574508667
0.9999949336051941
0.9999463558197021
0.9999749064445496
0.9998616576194763
0.9998842477798462
0.9999920129776001
0.9999982118606567
0.9999862313270569
0.9999696016311646
0.9999876618385315
4.7746943891979754E-4
0.9999871850013733
0.9999868273735046
0.9998781681060791
0.9999954700469971
0.9999992251396179
0.9998307824134827
0.9999812245368958
0.9999420642852783
0.999591052532196
0.9999492168426514
0.9948498010635376
0.9999998211860657
0.9999355673789978
0.9999709129333496
0.9999322295188904
0.9999708533287048
0.999984622001648
0.9999610185623169
0.9999155402183533
0.999968945980072
0.999994695186615
0.9997717142105103
0.9999997019767761
0.0023828339762985706
0.9999996423721313
0.9992297887802124
0.9999719858169556
0.9999221563339233
0.9999164938926697
0.999962329864502
0.9999952912330627
0.9999293088912964
0.9999976754188538
0.9998531937599182
0.9999521970748901
0.9999773502349854
0.9999439716339111
0.9999935626983643
0.99989253282547
0.9999711513519287
0.9999985098838806
0.999978244304657
0.9999057054519653
0.9999778270721436
0.9999836087226868
0.9984952211380005
0.9999948143959045
0.9999805688858032
0.9999402761459351
0.999988853931427
0.9999921321868896
0.9999897480010986
0.9991721510887146
0.9999247193336487
0.9999894499778748
0.9999143481254578
0.9999982118606567
0.9999566078186035
0.9998131394386292
0.999944806098938
0.9997323155403137
0.9999845027923584
0.9997464418411255
0.9999212622642517
0.9999997615814209
0.9999958872795105
0.9999541640281677
0.9999827146530151
0.9999937415122986
0.9999110102653503
1.4289276441559196E-4
0.999066948890686
0.9999722242355347
0.999891996383667
0.9999985098838806
0.9999801516532898
0.9999217391014099
0.9999706149101257
0.9999920129776001
2.211598912253976E-4
6.289667799137533E-4
0.9999992847442627
0.9999958872795105
0.9999996423721313
0.5233539342880249
0.9918897747993469
0.9999232888221741
0.9999985694885254
0.999880850315094
0.9998622536659241
0.9987139105796814
0.99998939037323
0.9999229311943054
0.9997422099113464
0.9999890923500061
0.9999722838401794
0.9999688863754272
1.0
0.9980981349945068
0.9999698400497437
0.999946653842926
0.9999998807907104
0.999970018863678
0.9999971389770508
0.9999233484268188
0.9999222755432129
0.9999982118606567
0.9997446537017822
0.9999426007270813
0.9999997019767761
0.9999988675117493
0.9999918937683105
0.9999957084655762
0.9999856948852539
0.9999895095825195
0.9999833106994629
0.9999995827674866
0.9897475242614746
0.9999947547912598
0.9999991655349731
0.9999994039535522
0.999999463558197
0.9999986886978149
0.99997478723526
0.9999815225601196
0.9999983906745911
0.9999908208847046
0.9999938011169434
0.9999942183494568
0.9999998807907104
0.9999963045120239
0.999998927116394
0.9999728798866272
0.9999996423721313
2.761567011475563E-4
0.9999805688858032
0.9999946355819702
0.9999727606773376
0.01082553993910551
0.999933660030365
0.9999997019767761
0.9999983310699463
0.9998316168785095
0.9999831914901733
0.9999960064888
0.9999939203262329
0.9998449087142944
0.9999103546142578
0.9999939799308777
0.9999825358390808
0.9998949766159058
0.9985141754150391
0.9999997615814209
0.9942528605461121
0.9999991655349731
0.9999354481697083
0.9999862313270569
0.9999958276748657
0.9999999403953552
0.9999953508377075
0.9999997615814209
0.9999780654907227
0.9999999403953552
0.999987006187439
0.9999648332595825
0.9999743103981018
0.9954016208648682
0.9999998807907104
0.999999463558197
0.9997029900550842
0.9999843835830688
0.999998152256012
0.999973714351654
2.3016604245640337E-4
2.8612196911126375E-4
0.9999677538871765
0.9999914169311523
0.9975025057792664
0.9999988675117493
0.9999866485595703
0.9999350309371948
0.9998879432678223
0.9999978542327881
0.9999445676803589
0.9999990463256836
0.999997079372406
0.999972939491272
0.9999810457229614
0.999998152256012
0.9999998807907104
0.00400120485574007
0.9996243119239807
0.9999959468841553
0.9999938607215881
0.9999908804893494
0.9999986290931702
0.9999998807907104
0.9999614953994751
0.9999985694885254
0.9999992251396179
0.9999843239784241
0.9999414086341858
0.9999877214431763
3.782369021791965E-4
6.200585630722344E-5
0.9999849200248718
0.999994695186615
1.2136218720115721E-4
0.9999814629554749
0.9997774362564087
0.9999998807907104
0.005234031938016415
0.997124969959259
0.8315707445144653
1.2185492232674733E-4
0.9999998211860657
0.9998773336410522
0.9999819993972778
0.999998152256012
0.9999980926513672
0.9999896883964539
0.9999940991401672
1.0
6.728883017785847E-4
0.9998795390129089
0.9999814033508301
0.9999785423278809
0.9999399185180664
0.9999999403953552
0.9999991059303284
5.880281096324325E-4
0.9999015927314758
0.9999402165412903
0.9996936321258545
0.9999999403953552
0.9999486804008484
0.9999452829360962
0.9999117851257324
0.9999839067459106
0.9999688863754272
0.9999951720237732
5.265941144898534E-4
0.9989851713180542
0.9999972581863403
0.9999765157699585
0.9999926090240479
0.9999542832374573
0.001047060126438737
0.9999862313270569
0.9999985098838806
8.202638855436817E-5
0.9999945759773254
0.9998765587806702
0.9999229907989502
0.9998670220375061
0.999998152256012
0.9999995231628418
0.9999971389770508
1.794637064449489E-4
2.8322670914349146E-5
0.9999988079071045
0.9999979734420776
0.9999978542327881
0.9999720454216003
0.9999722838401794
0.9999993443489075
0.9999880790710449
9.664602839620784E-5
0.9999993443489075
0.9999955296516418
0.9999910593032837
0.9999988079071045
0.9999997019767761
0.9999106526374817
0.9999974966049194
0.9999992251396179
0.9998384714126587
0.9999906420707703
1.2994519784115255E-4
0.9999920129776001
0.9999985694885254
0.9999937415122986
2.488665340933949E-4
0.9999969601631165
0.9999958872795105
0.9999990463256836
0.9999977350234985
0.99998939037323
0.9999152421951294
0.9997904300689697
0.9999887943267822
0.9999951720237732
0.0013373446417972445
0.9999990463256836
0.9999526143074036
0.9999628067016602
0.999998152256012
0.9999681115150452
0.9996572136878967
0.99807208776474
0.9999444484710693
0.9999188184738159
0.9993093609809875
0.9996315836906433
0.9999999403953552
0.9999662637710571
0.9999992847442627
0.9999909996986389
0.9999869465827942
0.9999999403953552
0.9999955892562866
0.9999969005584717
0.9999990463256836
0.9998495578765869
0.9996366500854492
0.9999994039535522
1.1114579683635384E-4
0.9998471140861511
0.001498255878686905
0.9999702572822571
0.999982476234436
0.9999975562095642
0.9999507665634155
3.64479172276333E-4
0.9999850988388062
0.9999307990074158
0.999992311000824
0.9999831318855286
7.110713340807706E-5
0.9995418190956116
0.9999991655349731
0.9999997019767761
0.9998670220375061
0.9999662637710571
0.9999916553497314
0.9999953508377075
1.6527196567039937E-4
0.9999799728393555
0.9999585151672363
0.9999988079071045
0.9996402859687805
0.9999610185623169
0.9999996423721313
0.9999873042106628
0.9999972581863403
0.9996810555458069
0.9999476671218872
3.5621647839434445E-4
0.9995490908622742
0.9999998211860657
0.9999995231628418
0.9998875260353088
1.3309009955264628E-4
3.925551427528262E-4
0.999995768070221
0.9999483227729797
0.9987098574638367
0.9999992251396179
0.9999947547912598
0.9998142123222351
1.3686384772881866E-4
0.9999242424964905
0.9999924302101135
0.9999971389770508
0.9999975562095642
9.835852542892098E-4
0.9999937415122986
0.9999857544898987
0.9999997019767761
9.061064338311553E-5
0.9995433688163757
0.999961793422699
0.9999985694885254
1.0
0.9976865649223328
0.9996756315231323
0.999985933303833
1.7627824854571372E-4
0.9999940395355225
0.9999496340751648
0.9999963641166687
0.9999977350234985
0.9999991655349731
0.9999485611915588
0.9999993443489075
0.9989532232284546
0.0014591105282306671
0.9999910593032837
0.9999836087226868
0.9999982714653015
0.9999586343765259
5.644495249725878E-4
9.727240103529766E-5
0.9999733567237854
5.545179592445493E-4
0.9999788999557495
0.9999927878379822
0.9999958276748657
0.9999969005584717
0.9999976754188538
0.9999496936798096
0.9999688863754272
0.9999680519104004
0.9999988675117493
0.9999989867210388
0.9999801516532898
0.9999799728393555
0.9999557733535767
4.4302985770627856E-5
0.9999746084213257
0.9999977946281433
0.9999966621398926
0.9999802112579346
0.9999242424964905
9.600393241271377E-5
0.9999975562095642
0.9999421834945679
0.9999991059303284
0.9998605847358704
0.9999345541000366
0.999998152256012
0.999974250793457
0.9999626278877258
0.9999953508377075
0.9999997615814209
0.9999911785125732
0.9999747276306152
0.9999973773956299
0.9999994039535522
0.9999892115592957
0.9999997019767761
0.9999825358390808
0.999984085559845
0.9999427795410156
1.161163963843137E-4
0.9999608993530273
0.9999879598617554
0.9999954700469971
0.9999896287918091
0.999994695186615
0.9998796582221985
5.675524880643934E-5
0.9983206987380981
0.9999867081642151
0.9999982118606567
0.9999902844429016
0.9999983310699463
7.718987035332248E-5
0.9999995231628418
0.9999640583992004
0.9999957084655762
0.9998971819877625
0.9999576807022095
0.9999985694885254
3.431906588957645E-5
0.9999987483024597
1.6578721988480538E-4
0.9991686940193176
0.9999985694885254
0.9999200105667114
0.9999982714653015
0.9999954104423523
0.9999955892562866
0.9999732971191406
0.9999997019767761
0.9999975562095642
1.7014617333188653E-4
0.9999988675117493
1.4549230400007218E-4
0.9999898076057434
0.9999996423721313
0.9998563528060913
0.9999954104423523
0.9999978542327881
0.9998758435249329
0.9999949932098389
0.9999610185623169
0.9999993443489075
0.9999229907989502
8.68096249178052E-5
0.9999558925628662
0.9999997615814209
1.0
0.9999990463256836
0.9999992847442627
0.9999967813491821
0.9999919533729553
0.9999722838401794
0.9999960064888
0.9999833106994629
0.9999234080314636
0.9999939203262329
0.9999950528144836
0.9999515414237976
0.9999885559082031
0.9999998807907104
0.9999976754188538
6.874861719552428E-5
0.9999992847442627
0.9999954104423523
0.999997615814209
0.9999825954437256
0.9999987483024597
0.999995768070221
0.999975323677063
8.139554120134562E-5
0.999999463558197
0.999997079372406
1.3034953735768795E-4
0.999999463558197
0.9999690651893616
1.8506038759369403E-4
0.9999431371688843
1.0
0.9999973773956299
0.9999945759773254
0.9999991655349731
0.999872088432312
0.9999929666519165
0.9999932050704956
0.9999913573265076
0.9999650120735168
0.9999985694885254
0.9999837279319763
0.9999983310699463
0.9999983906745911
0.9999973177909851
0.9999943971633911
0.9999986886978149
0.9999982714653015
7.577946234960109E-5
0.9999943375587463
0.9999982118606567
0.9999806880950928
0.9999550580978394
1.0
0.9998955726623535
1.0
0.9999905824661255
0.9998378157615662
0.9999915361404419
0.9999978542327881
1.173493146779947E-4
0.9999914169311523
0.9999871850013733
0.9999973773956299
0.9998006224632263
0.9999637007713318
1.5742173127364367E-4
1.3252977805677801E-4
0.9999992251396179
0.9999991655349731
0.9999726414680481
0.9999911785125732
0.9999940991401672
0.9999983310699463
0.9999963045120239
0.9999885559082031
0.9999733567237854
0.9999963641166687
0.9999766945838928
0.9999996423721313
0.9999937415122986
0.9999994039535522
0.9999972581863403
0.9999998807907104
0.9999912977218628
1.0
2.8346755425445735E-4
0.9999847412109375
5.818695644848049E-4
0.9999916553497314
0.999998152256012
0.9999855756759644
0.9999924302101135
0.9999993443489075
0.9999998807907104
2.1138739248272032E-4
1.0
0.9999896287918091
0.9999998211860657
0.9999988079071045
1.0
0.9999992847442627
0.9999993443489075
0.9999999403953552
0.9998061656951904
0.9999985694885254
0.9999990463256836
0.9999918341636658
0.9999918937683105
0.9999985098838806
0.9999840259552002
0.9999954104423523
0.9988786578178406
3.4265076465089805E-6
0.9999960660934448
0.9999986290931702
0.9999995827674866
1.0
0.9999217391014099
0.9999955296516418
0.9999935626983643
0.999984860420227
0.9999997615814209
0.9999988675117493
1.787747237358417E-6
0.9999996423721313
0.9999995827674866
0.9999998807907104
0.9999998807907104
0.9999998211860657
0.9999739527702332
0.9999943971633911
1.0
0.999998152256012
0.9999997019767761
1.1727432138286531E-5
0.9999991059303284
0.9999674558639526
0.9999999403953552
0.9999998807907104
0.9999963641166687
0.999999463558197
0.9999998807907104
0.9999579787254333
0.9999998807907104
0.9999999403953552
0.9999845027923584
4.428355168784037E-6
1.0
0.9999985694885254
0.9999997019767761
0.9999017715454102
0.9999890923500061
1.0
0.9999958276748657
0.9999994039535522
0.9999999403953552
0.9999997615814209
0.9999997019767761
1.2337467524048407E-5
0.9999997615814209
1.0
0.9999999403953552
0.9999997019767761
1.0
0.9999765753746033
0.9999992251396179
1.0
0.9999998807907104
0.9999980330467224
0.9999940395355225
6.028637926647207E-6
1.0
3.042572188860504E-6
0.9999998807907104
1.0
0.9999995827674866
0.9999997615814209
0.9998481273651123
0.9999998211860657
0.9999999403953552
1.0
0.9999995231628418
0.9999998807907104
0.9999998211860657
0.9999980926513672
0.9999991059303284
0.9999998807907104
0.9999987483024597
0.9999827146530151
1.0
0.9999998807907104
0.9999999403953552
0.9999997019767761
0.9999998807907104
0.9999999403953552
0.999997615814209
0.9999923706054688
1.0
0.9999999403953552
1.0
1.0
1.0
0.9999999403953552
1.0
0.9999999403953552
0.9999158382415771
1.0
1.0
0.9999997019767761
0.9999999403953552
0.9999996423721313
0.9999955296516418
0.9999982714653015
0.9999830722808838
1.0
1.0
0.9999801516532898
1.0
1.0
0.9999998807907104
0.9999995231628418
1.0
0.9999998807907104
1.0
0.9999831914901733
0.9999999403953552
0.9999828338623047
0.999999463558197
1.0
1.0
1.0
0.9999990463256836
1.0
1.0
1.0
0.9999964833259583
0.9999999403953552
1.0
1.0
0.9999999403953552
0.9999999403953552
1.0
1.0
