Organic acids and derivatives
0.5036436915397644
0.737204372882843
0.3605266213417053
0.465981125831604
0.20132571458816528
0.6154664158821106
0.7587653398513794
0.49020278453826904
0.962513267993927
0.70549076795578
0.598249077796936
0.27632051706314087
0.33272087574005127
0.3377247452735901
0.8256517052650452
0.5961164236068726
0.35547780990600586
0.7099335193634033
0.4978388845920563
0.29462769627571106
0.8603379130363464
0.24582363665103912
0.2606203258037567
0.7596216797828674
0.2644634544849396
0.5855029225349426
0.7971929311752319
0.3173619210720062
0.233854278922081
0.48155340552330017
0.21410022675991058
0.2382487952709198
0.5574178099632263
0.40495070815086365
0.9246569275856018
0.26461341977119446
0.4901675283908844
0.3292798697948456
0.40117865800857544
0.24624291062355042
0.5871574282646179
0.7498292922973633
0.9296454787254333
0.39130035042762756
0.2502394914627075
0.10747823119163513
0.04857528209686279
0.21812841296195984
0.14832395315170288
0.39086079597473145
0.41466179490089417
0.4335271716117859
0.4342854917049408
0.1753142774105072
0.7467551231384277
0.39600127935409546
0.5471826195716858
0.12169449776411057
0.24997998774051666
0.8870610594749451
0.4356444776058197
0.2648391127586365
0.37526363134384155
0.41462504863739014
0.28405359387397766
0.5023270845413208
0.5093834400177002
0.5118986964225769
0.7269948720932007
0.10396872460842133
0.26331666111946106
0.26441025733947754
0.25389495491981506
0.3774487376213074
0.4179477393627167
0.24502505362033844
0.11539370566606522
0.9268887042999268
0.24229179322719574
0.34635603427886963
0.16358038783073425
0.4704276919364929
0.5604804754257202
0.24836240708827972
0.17597144842147827
0.9351518154144287
0.04807152971625328
0.5317420363426208
0.4271259605884552
0.45872101187705994
0.15603035688400269
0.220008984208107
0.3009202480316162
0.005016733426600695
0.22265766561031342
0.4976464807987213
0.21670055389404297
0.21036815643310547
0.22705316543579102
0.10705562680959702
0.2506715953350067
0.1791052371263504
0.3135741949081421
0.0183279849588871
0.33204931020736694
0.1891564428806305
0.10714994370937347
0.3121100068092346
0.15961401164531708
0.22323909401893616
0.09046175330877304
0.2798245847225189
0.9569027423858643
0.0925615131855011
0.08086222410202026
0.15933218598365784
0.49584048986434937
0.596684992313385
0.061114564538002014
0.6819906830787659
0.1406950205564499
0.24291016161441803
0.7448081374168396
0.2794577479362488
0.21268406510353088
0.25773510336875916
0.20151561498641968
0.25106382369995117
0.3280009925365448
0.7324314713478088
0.6557624340057373
0.8270561695098877
0.41811269521713257
0.0045905448496341705
0.30424824357032776
0.20617753267288208
0.7286710143089294
0.22011218965053558
0.7721894383430481
0.4435611963272095
0.37080061435699463
0.790247917175293
0.016933051869273186
0.5100272297859192
0.0947055071592331
0.8284884095191956
0.3051946759223938
0.2119968831539154
0.6722292304039001
0.8921137452125549
0.2968205213546753
0.214305579662323
0.061931874603033066
0.28482720255851746
0.1807916760444641
0.2161930501461029
0.16253168880939484
0.2250135987997055
0.1425865888595581
0.25503844022750854
0.440813273191452
0.18287943303585052
0.24070143699645996
0.4201531410217285
0.9074015617370605
0.22394660115242004
0.7788929343223572
0.8918327689170837
0.6108110547065735
0.2710167169570923
0.182317316532135
0.9712300300598145
0.2318578064441681
0.5059615969657898
0.6612927317619324
0.010245416313409805
0.12397552281618118
0.2039177566766739
0.14154089987277985
0.6878865957260132
0.09417367726564407
0.3357775807380676
0.9406347274780273
0.011949620209634304
0.1186811774969101
0.4505867063999176
0.5786538124084473
0.012875866144895554
0.10610585659742355
0.6438922882080078
0.2677454650402069
0.6995444297790527
0.42677295207977295
0.6937492489814758
0.3421309292316437
0.16481703519821167
0.3463437855243683
0.8029466867446899
0.7906059622764587
0.26545003056526184
0.07610062509775162
0.0566198006272316
0.8849145770072937
0.04985763132572174
0.32846540212631226
0.22419749200344086
0.010615969076752663
0.5113106369972229
0.07757911831140518
0.027676846832036972
0.5518105626106262
0.8645827770233154
0.016978967934846878
0.033490151166915894
0.5067750811576843
0.2124064862728119
0.7228162884712219
0.1612550914287567
0.8834444880485535
0.22109800577163696
0.4005815088748932
0.6464110016822815
0.18242453038692474
0.18078038096427917
0.175236776471138
0.20578338205814362
0.6634272933006287
0.2249271273612976
0.8847922682762146
0.24687328934669495
0.7069225311279297
0.017768623307347298
0.4402788281440735
0.725060224533081
0.17219041287899017
0.12348263710737228
0.9868633151054382
0.8657799363136292
0.5597712993621826
0.07077135890722275
0.41326430439949036
0.5382018685340881
0.9181431531906128
0.4276127815246582
0.353062242269516
0.9404876232147217
0.5100145936012268
0.8936463594436646
0.006463279016315937
0.8119237422943115
0.7413564324378967
0.613264262676239
0.7961457967758179
0.1473962962627411
0.839054524898529
0.006943163461983204
0.9664705991744995
0.810708224773407
0.09053598344326019
0.15915702283382416
0.45666688680648804
0.7301737070083618
0.26305142045021057
0.03396763280034065
0.09728912264108658
0.9204373359680176
0.2174464613199234
0.6762758493423462
0.5318825244903564
0.18911483883857727
0.8191367983818054
0.3783321976661682
0.2070925533771515
0.9618886113166809
0.7318788766860962
0.6773726344108582
0.14957155287265778
0.7552560567855835
0.36233729124069214
0.3112725019454956
0.7525302767753601
0.34452199935913086
0.7425279021263123
0.8215456008911133
0.14356575906276703
0.02116839960217476
0.5129092931747437
0.28398969769477844
0.8266351222991943
0.09769053757190704
0.7673584222793579
0.8092361688613892
0.7278147339820862
0.2652021646499634
0.266434907913208
0.5351277589797974
0.9337794780731201
0.18594005703926086
0.954974889755249
0.01912052370607853
0.8368066549301147
0.4343020021915436
0.7696969509124756
0.44684037566185
0.5896321535110474
0.6436865925788879
0.11962210386991501
0.5005182027816772
0.8074914813041687
0.9767405986785889
0.8883606791496277
0.840599536895752
0.9925255179405212
0.039099909365177155
0.10629433393478394
0.6796859502792358
0.9851635694503784
0.09286465495824814
0.8552233576774597
0.6266511082649231
0.6709751486778259
0.9326086044311523
0.13981902599334717
0.483245849609375
0.7757817506790161
0.1088714450597763
0.031119614839553833
0.12951651215553284
0.41438624262809753
0.13934311270713806
0.14697043597698212
0.19444312155246735
0.2446337789297104
0.16341045498847961
0.7943685054779053
0.4363202154636383
0.4140028953552246
0.5132016539573669
0.4423310458660126
0.7886475920677185
0.2773140072822571
0.47446689009666443
0.6899554133415222
0.7454266548156738
0.17361071705818176
0.8123220801353455
0.2060401439666748
0.06045748293399811
0.8655290007591248
0.8779597282409668
0.19533471763134003
0.9426214098930359
0.9348690509796143
0.5367661118507385
0.14148978888988495
0.14398710429668427
0.8682631254196167
0.20662550628185272
0.1764218956232071
0.956729531288147
0.8580977320671082
0.13336145877838135
0.8755784630775452
0.055657677352428436
0.9042227864265442
0.4410803020000458
0.8581066727638245
0.14849358797073364
0.8348386287689209
0.53718501329422
0.12287365645170212
0.9185888171195984
0.5152021050453186
0.8988298177719116
0.6724540591239929
0.7580251693725586
0.23782464861869812
0.1114020049571991
0.9846900105476379
0.4434651732444763
0.7738211154937744
0.8442412614822388
0.8777030110359192
0.03995469957590103
0.8450884819030762
0.8550010919570923
0.10780010372400284
0.5120404958724976
0.16536106169223785
0.39780768752098083
0.6925559043884277
0.5680543184280396
0.15173491835594177
0.7683737874031067
0.21166734397411346
0.09128328412771225
0.6832019686698914
0.6862282156944275
0.14680297672748566
0.843123197555542
0.4397018253803253
0.5342211723327637
0.11286251991987228
0.451291024684906
0.4585980772972107
0.21642625331878662
0.8080762624740601
0.10746421664953232
0.9907695651054382
0.335549920797348
0.8175731897354126
0.10509935021400452
0.10332335531711578
0.13167037069797516
0.49458077549934387
0.46485185623168945
0.6805020570755005
0.12350688874721527
0.5469546318054199
0.7385606169700623
0.7856190800666809
0.038588546216487885
0.44001978635787964
0.2835400104522705
0.8994966745376587
0.733607292175293
0.10610177367925644
0.17827852070331573
0.5750138163566589
0.14894968271255493
0.8327457308769226
0.8085601329803467
0.1688782125711441
0.6075883507728577
0.5272955298423767
0.765263020992279
0.2728627622127533
0.10612479597330093
0.9537196159362793
0.09980551153421402
0.5646476745605469
0.39164143800735474
0.08461003750562668
0.3536304235458374
0.2278062254190445
0.5752789378166199
0.4862813353538513
0.10380920767784119
0.6872380971908569
0.015353958122432232
0.16315299272537231
0.6504830121994019
0.7287233471870422
0.9216253757476807
0.011326655745506287
0.12801261246204376
0.7140127420425415
0.1108313724398613
0.7609349489212036
0.7109691500663757
0.2703053951263428
0.8103712797164917
0.8038817644119263
0.012498237192630768
0.13074438273906708
0.9510948061943054
0.4740924835205078
0.9867648482322693
0.18841800093650818
0.06044930964708328
0.19486941397190094
0.9755398631095886
0.1227322444319725
0.5857540369033813
0.6017343401908875
0.4650357961654663
0.7797448039054871
0.1894816905260086
0.30577728152275085
0.6087295413017273
0.9315305352210999
0.9875744581222534
0.5110123753547668
0.11745668947696686
0.22617363929748535
0.9759683012962341
0.12705019116401672
0.6019875407218933
0.8276360630989075
0.30647823214530945
0.7957940101623535
0.20716479420661926
0.15508359670639038
0.9810073375701904
0.9985081553459167
0.8848984837532043
0.023585012182593346
0.9450315833091736
0.09721146523952484
0.6707203984260559
0.8465954065322876
0.2808731198310852
0.5898666381835938
0.8480393886566162
0.7730206847190857
0.8900624513626099
0.9653254151344299
0.7967429161071777
0.7030194401741028
0.7211796045303345
0.6621113419532776
0.012012051418423653
0.3435461223125458
0.9365429282188416
0.4063515067100525
0.988322913646698
0.5095068216323853
0.06959949433803558
0.01622898317873478
0.9588176608085632
0.9598653316497803
0.5900436639785767
0.056367941200733185
0.9619556665420532
0.9019469022750854
0.3016805350780487
0.40610411763191223
0.8638929724693298
0.9398518800735474
0.9322002530097961
0.8722160458564758
0.012331582605838776
0.560404360294342
0.8418712615966797
0.9599087238311768
0.38798102736473083
0.9946449995040894
0.009490590542554855
0.6550620794296265
0.08246316015720367
0.8507421612739563
0.9447379112243652
0.8348696827888489
0.77043217420578
0.9344193935394287
0.6601921319961548
0.9915225505828857
0.6723723411560059
0.302434504032135
0.408701092004776
0.022247331216931343
0.09873192012310028
0.8729889988899231
0.8899732232093811
0.7799012064933777
0.9780051112174988
0.4601123631000519
0.05217014625668526
0.06777334958314896
0.547838032245636
0.6914423704147339
0.34787672758102417
0.3911486864089966
0.7498682737350464
0.7057157158851624
0.11919040977954865
0.8521795868873596
0.2321382313966751
0.02189582772552967
0.7745011448860168
0.5707117319107056
0.6370822787284851
0.9270902872085571
0.9646263122558594
0.36510899662971497
0.08270294964313507
0.8298856616020203
0.008471311070024967
0.3005484342575073
0.3944515883922577
0.9496779441833496
0.72763592004776
0.007999895140528679
0.9711138010025024
0.9399060606956482
0.9775829315185547
0.6813094019889832
0.13946335017681122
0.006978433579206467
0.8355364203453064
0.5638689994812012
0.0051716906018555164
0.5437591671943665
0.7619554996490479
0.9511608481407166
0.14061333239078522
0.35008302330970764
0.14213550090789795
0.0027303313836455345
0.747520387172699
0.984274685382843
0.989632248878479
0.9231328964233398
0.35190361738204956
0.6920567154884338
0.3868730068206787
0.35109230875968933
0.05660606548190117
0.1296524554491043
0.8571125864982605
0.2723834812641144
0.4312432110309601
0.6753321290016174
0.6305631399154663
0.003808356588706374
0.04878097400069237
0.9358192682266235
0.22800548374652863
0.8859458565711975
0.3049669861793518
0.732075572013855
0.7810935378074646
0.6073797941207886
0.30135664343833923
0.9668726921081543
0.026220673695206642
0.21377705037593842
0.6677210927009583
0.39357873797416687
0.6119396686553955
0.6264111399650574
0.03930343687534332
0.47338828444480896
0.6965975761413574
0.015692168846726418
0.43318697810173035
0.37141382694244385
0.30010801553726196
0.005878659430891275
0.8622644543647766
0.6975480318069458
0.9739710688591003
0.009138761088252068
0.0015361690893769264
0.9656264185905457
0.4447416067123413
0.931934654712677
0.687044084072113
0.00803781021386385
0.5394352078437805
0.153061643242836
0.003367824014276266
0.9802761673927307
0.3291533887386322
0.13117490708827972
0.520480751991272
0.5719003081321716
0.06847267597913742
0.47500282526016235
0.8460912704467773
0.37936607003211975
0.5849505662918091
0.005934201646596193
0.3240060806274414
0.6541521549224854
0.5456594228744507
0.013865223154425621
0.9463974833488464
0.9856135845184326
0.9770433306694031
0.9599339962005615
0.03659816086292267
0.07396283745765686
0.3083511292934418
0.8563213348388672
0.4104851186275482
0.02493412233889103
0.6966361999511719
0.8149750232696533
0.06784892827272415
0.6620877981185913
0.15315628051757812
0.13599549233913422
0.2500973641872406
0.652190625667572
0.6662423610687256
0.07376748323440552
0.33974069356918335
0.8512448072433472
0.07772189378738403
0.9730421304702759
0.9214207530021667
0.8975071310997009
0.9967862963676453
0.011890792287886143
0.9462295174598694
0.916782796382904
0.8291638493537903
0.8145330548286438
0.025742853060364723
0.004291971679776907
0.4060386121273041
0.034710291773080826
0.02464081346988678
0.9164873361587524
0.96886146068573
0.3817456364631653
0.004475249908864498
0.9715794920921326
0.06374731659889221
0.3020821213722229
0.207315593957901
0.01202563475817442
0.09657981246709824
0.9834302067756653
0.9353091716766357
0.4792209267616272
0.9436606168746948
0.9963014125823975
0.62708979845047
0.030535858124494553
0.9090129137039185
0.014052915386855602
0.9709830284118652
0.08540954440832138
0.008877232670783997
0.7513762712478638
0.02184327505528927
0.974418044090271
0.15266019105911255
0.012198015116155148
0.026719244197010994
0.06734424829483032
0.9899075627326965
0.12618935108184814
0.41945716738700867
0.08512132614850998
0.008856529369950294
0.5119513273239136
0.6192207932472229
0.33708202838897705
0.9856701493263245
0.8786650896072388
0.3163588345050812
0.016132181510329247
0.49081677198410034
0.8515613079071045
0.05279223620891571
0.9536082744598389
0.08921169489622116
0.8671683669090271
0.6146237254142761
0.37007924914360046
0.01585886813700199
0.9570624828338623
0.012061618268489838
0.9703040719032288
0.9952293038368225
0.15029224753379822
0.546734631061554
0.41517844796180725
0.01709822565317154
0.00927569717168808
0.3471648395061493
0.5806747078895569
0.13803356885910034
0.8672866225242615
0.9830227494239807
0.009649745188653469
0.5296266674995422
0.012912878766655922
0.9807125329971313
0.07420620322227478
0.9991841912269592
0.7943376898765564
0.01878194883465767
0.005159011576324701
0.054312944412231445
0.016084739938378334
0.8276376724243164
0.017405876889824867
0.7867162227630615
0.2761569917201996
0.9903651475906372
0.08528029173612595
0.2723221480846405
0.5637557506561279
0.39359769225120544
0.2627687454223633
0.764640212059021
0.8093618750572205
0.9118013978004456
0.07849924266338348
0.28344762325286865
0.951363205909729
0.2542954087257385
0.5593465566635132
0.449767142534256
0.013514638878405094
0.38773879408836365
0.02458464354276657
0.13673479855060577
0.43590110540390015
0.9221686720848083
0.004499221686273813
0.6876686215400696
0.08210700750350952
0.010165631771087646
0.8283179402351379
0.05874587222933769
0.04465080425143242
0.1268090009689331
0.9538087248802185
0.583054780960083
0.9973381757736206
0.9920467138290405
0.010136878117918968
0.08775895088911057
0.00804279837757349
0.011118592694401741
0.9102417826652527
0.16417881846427917
0.04418133944272995
0.9903010725975037
0.5986549258232117
0.009926372207701206
0.012627298012375832
0.5754150152206421
0.2714308202266693
0.020072083920240402
0.4433135986328125
0.008502825163304806
0.9281413555145264
0.06497527658939362
0.09107893705368042
0.04547726735472679
0.2037692368030548
0.9565734267234802
0.008730090223252773
0.2317199409008026
0.008606298826634884
0.2635827362537384
0.47025758028030396
0.39940136671066284
0.04590362310409546
0.43996232748031616
0.9728666543960571
0.05904984474182129
0.9992944598197937
0.019981734454631805
0.020184533670544624
0.9741612076759338
0.013101211749017239
0.9908632040023804
0.16032303869724274
0.4207261800765991
0.012337922118604183
0.04296959564089775
0.026918821036815643
0.005099821370095015
0.273738831281662
0.24742759764194489
0.7548077702522278
0.02013111300766468
0.03662073612213135
0.9947779178619385
0.984581708908081
0.978327751159668
0.14118723571300507
0.9892683029174805
0.9100666046142578
0.971703827381134
0.31628167629241943
0.2913927435874939
0.023394331336021423
0.9654400944709778
0.984001100063324
0.20157074928283691
0.8739086985588074
0.9994248747825623
0.5030854344367981
0.0028315100353211164
0.9160739183425903
0.6547879576683044
0.8148006200790405
0.9416606426239014
0.46410465240478516
0.2309163212776184
0.4400808811187744
0.01828940585255623
0.12856525182724
0.4849828779697418
0.010690082795917988
0.4711397886276245
0.03435197472572327
0.011737007647752762
0.055950287729501724
0.8914403915405273
0.027148451656103134
0.4694749414920807
0.088813416659832
0.006120865233242512
0.9418366551399231
0.44361355900764465
0.034025888890028
0.1598939597606659
0.28172433376312256
0.05329462140798569
0.27356579899787903
0.608063280582428
0.3383667469024658
0.03274010121822357
0.21675235033035278
0.9994498491287231
0.003488243091851473
0.8251530528068542
0.9591456651687622
0.9921572208404541
0.03053314983844757
0.9828080534934998
0.9592369794845581
0.9952964186668396
0.44891276955604553
0.753017246723175
0.9665617942810059
0.012030526995658875
0.01934594102203846
0.775907039642334
0.07941637933254242
0.14167630672454834
0.7423710823059082
0.20456036925315857
0.021166419610381126
0.004933957010507584
0.07861743867397308
0.7027314305305481
0.9001893997192383
0.8425357341766357
0.05128943547606468
0.6829172968864441
0.31642046570777893
0.04819750785827637
0.9655376076698303
0.993965208530426
0.9975342154502869
0.08797792345285416
0.40764951705932617
0.021362632513046265
0.024585720151662827
0.9762452840805054
0.9945117235183716
0.9018431901931763
0.019968651235103607
0.06513595581054688
0.015046941116452217
0.06233954057097435
0.1936788409948349
0.7534618973731995
0.03686828166246414
0.9944835305213928
0.9502610564231873
0.017538053914904594
0.9707638025283813
0.03605111688375473
0.9954899549484253
0.9340276122093201
0.9998558163642883
0.14198417961597443
0.16088774800300598
0.9931254982948303
0.08622512221336365
0.7549846768379211
0.8898972272872925
0.5035465359687805
0.9264443516731262
0.8308506608009338
0.9687720537185669
0.21831893920898438
0.6032219529151917
7.258739206008613E-4
0.9780406355857849
0.003992494195699692
0.07861214876174927
0.9828141927719116
0.9896502494812012
0.825539767742157
0.9911554455757141
0.0614919513463974
0.9878472089767456
0.08075632899999619
6.540312897413969E-4
0.9362916946411133
0.9945727586746216
0.994173526763916
0.7547786831855774
0.27906543016433716
0.09637293964624405
0.9967044591903687
0.9999069571495056
0.2896413505077362
0.3850654065608978
0.001621253788471222
0.9859405159950256
0.060554590076208115
0.9815155863761902
0.05382983386516571
0.4910338222980499
0.9891699552536011
0.4574596583843231
0.9900554418563843
0.06287745386362076
0.9176934957504272
0.997724175453186
0.0013153537875041366
0.9997270107269287
0.9820136427879333
0.06969453394412994
0.8497113585472107
0.3814930319786072
0.8635968565940857
0.5480299592018127
0.13122119009494781
0.8558375835418701
0.9977573156356812
0.6969679594039917
0.002766757970675826
0.9763756394386292
0.19089725613594055
0.8679957985877991
0.0882917195558548
0.5224370360374451
0.9748660922050476
0.9947319626808167
0.972267210483551
0.9998931288719177
0.9994243383407593
0.9994898438453674
0.001063829637132585
0.9999807476997375
8.172119851224124E-4
0.02711472101509571
0.2573542594909668
0.18856827914714813
0.9527223110198975
0.04348113387823105
0.33095768094062805
0.9992398619651794
0.999992847442627
0.08009721338748932
0.03271446004509926
0.9149113893508911
0.9123051762580872
0.9270999431610107
0.9985625147819519
0.8817764520645142
0.8683961629867554
0.9998340010643005
0.8681547045707703
0.021073181182146072
0.9948402047157288
0.1682225614786148
0.2836936414241791
0.9813781976699829
0.8574514389038086
0.9631597995758057
0.044899262487888336
0.11984966695308685
0.9999960064888
0.9176470041275024
0.5989843606948853
0.9999982714653015
0.016686109825968742
0.08891824632883072
0.9999036192893982
0.3982338309288025
0.01889985240995884
0.8552374243736267
0.9904911518096924
0.09710179269313812
0.013622391037642956
0.9926896691322327
0.1613391488790512
0.11194061487913132
0.9928709864616394
0.9999972581863403
0.9981203079223633
0.9567264318466187
0.9373090863227844
0.9999949932098389
0.9446232318878174
0.99983811378479
0.9974468946456909
0.9461296200752258
0.9974573850631714
0.8842365741729736
0.9393268823623657
0.9963552355766296
0.9636207222938538
0.9247621893882751
0.994461178779602
0.9357843995094299
0.9277846813201904
0.9997885823249817
0.9968314170837402
0.919184684753418
0.6544888019561768
0.9998904466629028
0.9999384880065918
0.9998369812965393
0.9999819397926331
