Organic nitrogen compounds
0.28691983222961426
0.9999078512191772
0.9917124509811401
0.9997771382331848
0.9968279600143433
0.4322168529033661
0.9997291564941406
0.9999497532844543
0.999829113483429
0.9999892711639404
0.9999139904975891
0.010020703077316284
0.9999942779541016
0.999994695186615
0.9999556541442871
0.9999962449073792
0.9998303651809692
4.6063080662861466E-4
0.9998699426651001
0.9999927282333374
0.9999231100082397
0.9999998807907104
0.9994443655014038
0.9996002316474915
0.9999992847442627
0.006716746371239424
4.3421873124316335E-4
0.9999533891677856
0.9999353885650635
0.9998953938484192
0.999967098236084
0.008215515874326229
0.9991726279258728
0.9997607469558716
0.9998377561569214
0.9999947547912598
0.9983243942260742
0.9999991059303284
0.9999450445175171
0.0035795767325907946
0.9999969601631165
0.9996085166931152
0.9998959302902222
0.9999726414680481
0.9999603629112244
0.004550602287054062
1.5513224934693426E-4
0.9999998807907104
0.0022274567745625973
0.9999136328697205
0.9999073147773743
0.9999985694885254
0.9999994039535522
0.9999932050704956
0.9999842047691345
0.9998123645782471
0.0027579206507653
0.0010446434607729316
0.9999963045120239
0.995557427406311
0.009947363287210464
0.002292945282533765
0.9999997615814209
0.9995503425598145
0.9999114274978638
0.999999463558197
0.5314277410507202
0.9999967813491821
0.99996417760849
0.9999692440032959
0.9999974370002747
0.9999933838844299
0.9999107122421265
0.9998687505722046
0.9818110466003418
0.003170938231050968
0.9999938011169434
0.9999551773071289
0.9999974370002747
0.9999940395355225
0.9999973177909851
0.9999953508377075
0.9998854994773865
0.001379208522848785
0.0013758338754996657
0.999965488910675
8.893440099200234E-5
0.9999984502792358
0.9999780654907227
0.9999789595603943
2.9007348348386586E-4
0.9999997019767761
0.0016511526191607118
0.9999217987060547
9.02056199265644E-5
0.9977076053619385
0.003430702490732074
0.003454611636698246
0.003631907282397151
0.9938167333602905
0.9999999403953552
0.005249732173979282
0.9999996423721313
0.999954342842102
0.9999829530715942
0.9999998211860657
8.194257679861039E-5
0.9999986886978149
0.9999998807907104
0.004008545074611902
7.371592801064253E-4
0.9999855160713196
0.9995819926261902
0.9999765157699585
0.9999368786811829
0.0017934298375621438
0.9999529123306274
0.9999884963035583
0.9999868273735046
0.9999968409538269
0.9976347088813782
0.9999995827674866
0.99991375207901
0.9999988079071045
1.0
5.793868913315237E-4
0.002184238750487566
0.9999998807907104
5.535068921744823E-4
0.9999646544456482
0.9999935030937195
0.9999719262123108
0.9999947547912598
0.99985671043396
0.9999420046806335
0.9999852776527405
8.4947474533692E-4
0.004663919098675251
0.9999817609786987
1.0
0.9998064041137695
0.9998786449432373
0.9999243021011353
0.9999979138374329
0.9999800324440002
0.9993740320205688
0.9999998807907104
0.9999415278434753
0.9999995827674866
0.9999980926513672
8.692379342392087E-4
0.002165251411497593
0.9999868273735046
0.0030790267046540976
0.002397084841504693
0.0031039034947752953
1.0
0.9999999403953552
0.0011162824230268598
1.0
6.449516513384879E-4
0.9999996423721313
0.0018828260945156217
0.9999646544456482
0.9999999403953552
0.9999999403953552
0.0011844164691865444
4.2659693281166255E-4
0.9999913573265076
0.9999828934669495
0.9999842643737793
0.9995481967926025
0.9999998807907104
0.001911824569106102
0.999997079372406
0.999941885471344
0.9999319911003113
0.9999778270721436
0.9999181032180786
2.4294742615893483E-4
0.999972939491272
1.0
0.9995583891868591
0.999674379825592
5.332619766704738E-4
0.9999996423721313
4.559444496408105E-4
0.9994598627090454
0.9999932646751404
0.9999132752418518
9.068127837963402E-5
6.666803528787568E-5
0.9999263882637024
0.9999897480010986
0.9999980926513672
9.455289109610021E-4
0.9999968409538269
8.752819849178195E-4
0.9999982714653015
0.9999984502792358
4.8817883362062275E-4
0.9999982714653015
0.999544620513916
0.9999517798423767
0.9999939203262329
0.9999999403953552
0.9999914169311523
0.002523221541196108
0.9999192953109741
0.9999598860740662
0.9999979734420776
0.9999824166297913
0.999591588973999
0.9997879862785339
6.528748199343681E-4
0.0015227405820041895
0.9999873042106628
1.0
0.001107452204450965
1.1826671834569424E-4
0.9999989867210388
0.9999216794967651
5.4754207667429E-5
0.999983549118042
0.9999592900276184
1.233342627529055E-4
0.9999984502792358
1.0
3.055240376852453E-4
0.999986469745636
0.9999586343765259
0.9993239641189575
0.9999861717224121
0.0011817074846476316
1.0
0.0016676658997312188
0.9999839663505554
0.9999814033508301
8.781449287198484E-4
0.9999843239784241
0.004073746036738157
0.9999719262123108
0.9989051818847656
0.002204230288043618
5.257123848423362E-4
0.9999727606773376
0.9999788999557495
0.9999948740005493
0.9999736547470093
8.015913190320134E-4
0.9999594688415527
0.9999178647994995
5.713692517019808E-4
7.704116869717836E-4
4.1631280328147113E-4
0.9999387860298157
0.9998804926872253
0.9999778866767883
0.999992847442627
0.9999982118606567
1.691032048256602E-5
0.0037869352381676435
0.999983012676239
0.9999440312385559
0.9999714493751526
0.9990288019180298
0.004106311127543449
0.0028629733715206385
0.001385058625601232
0.0012229704298079014
0.9999994039535522
0.999930202960968
0.9999998211860657
0.9999915361404419
0.9999799728393555
0.9998505115509033
0.0023969397880136967
0.999960720539093
0.9999703168869019
0.999995768070221
9.86727318377234E-5
0.9999778866767883
0.9999873042106628
0.9999994039535522
0.0021106416825205088
0.9999902844429016
0.9999975562095642
8.346406975761056E-4
0.999898374080658
0.9999961853027344
0.999961793422699
6.801369017921388E-4
0.9999916553497314
0.9999998211860657
0.9998881816864014
0.9999985694885254
0.9999578595161438
0.0012862666044384241
0.9999843239784241
0.9999856948852539
3.3509344211779535E-4
0.0027786139398813248
0.9999495148658752
6.583542563021183E-5
0.9997478723526001
0.0031357016414403915
0.9999985098838806
0.9994016289710999
0.9999974966049194
0.9992750287055969
0.999995231628418
1.420511689502746E-4
0.9999938607215881
0.9999833106994629
0.9999405145645142
0.9999715089797974
0.9996734261512756
0.9999999403953552
0.9998807907104492
0.001248649787157774
0.0018301192903891206
0.999971866607666
0.9999992847442627
0.9998964667320251
0.9999655485153198
0.9999996423721313
0.9999886155128479
1.7155827663373202E-4
0.9997901320457458
0.0015847200993448496
1.0
0.9999890327453613
1.620932380319573E-5
0.0013564096298068762
0.9999740123748779
0.9996140003204346
0.9999616146087646
0.9997430443763733
0.9998931288719177
3.6200322210788727E-4
0.9999858140945435
0.9999996423721313
0.0017299785977229476
0.9999946355819702
6.087578367441893E-4
1.8956248823087662E-5
2.25611831410788E-4
0.0015641811769455671
0.9999757409095764
0.9999170899391174
0.0013748490018770099
0.9999240040779114
0.9999808073043823
0.9999368190765381
0.0023047304712235928
0.002407556399703026
9.984945645555854E-4
1.0
1.0
0.9998092651367188
0.9999644160270691
0.002400374738499522
0.9999918937683105
0.9999842047691345
0.9999935030937195
0.9999962449073792
3.993347054347396E-4
0.0023445175029337406
0.9999716877937317
0.9999985098838806
0.00260869599878788
0.9999831914901733
0.9999971389770508
0.9999396800994873
0.001353776198811829
8.572160732001066E-4
5.187843344174325E-4
0.0018969775410369039
0.9993194341659546
0.9999989867210388
0.0025961492210626602
0.001718495157547295
0.9999117851257324
0.999995231628418
0.0014257278526201844
0.0014328500255942345
0.0018508763751015067
0.9996282458305359
0.9999984502792358
0.9999372363090515
0.9999984502792358
0.9999015927314758
1.0
0.9999749064445496
0.9999999403953552
0.9999388456344604
0.9999827742576599
0.9999181628227234
0.0013559729559347034
9.271843009628356E-4
0.9998757243156433
0.0048600900918245316
0.0021512596867978573
0.9999993443489075
0.9999933838844299
1.0
0.9999977946281433
1.0
0.9999432563781738
0.9999994039535522
0.9999362230300903
0.0018276367336511612
0.001847549108788371
0.0014557255199179053
0.99977046251297
0.0013860933249816298
0.9999991059303284
0.0011849722359329462
0.002747759222984314
0.9999352097511292
0.9999983310699463
0.9994933009147644
0.9999796748161316
0.9999999403953552
0.9999892115592957
0.9999898076057434
0.0019396360730752349
0.002050605369731784
0.9990971684455872
1.0
9.83705511316657E-4
0.9999145865440369
0.0014901950489729643
0.9999691843986511
0.999999463558197
0.9999218583106995
0.9999927282333374
0.0019252945203334093
0.9999783635139465
0.0019174580229446292
0.9999284744262695
0.001705923699773848
0.9999996423721313
0.999985933303833
0.9993196129798889
0.9998810291290283
2.350927679799497E-4
0.001978103769943118
0.9999570846557617
0.9999219179153442
0.999949038028717
0.004535505548119545
0.999958336353302
0.999985933303833
0.9999868273735046
0.9999936819076538
0.0016728718765079975
0.001014346955344081
0.9999871253967285
0.0013707061298191547
0.9999911785125732
0.9999859929084778
5.102843279018998E-4
0.9999091625213623
0.999996542930603
0.9999703764915466
0.9999968409538269
0.999878466129303
0.9999986290931702
1.1050497050746344E-5
0.9999990463256836
0.999977171421051
0.0010791287058964372
0.9999732375144958
5.068700411356986E-4
0.9995008707046509
0.9999783039093018
0.9999984502792358
0.999991774559021
0.001341413357295096
0.9995569586753845
0.9999844431877136
0.9999966025352478
0.0016961763612926006
0.9999753832817078
0.9999963045120239
0.0016540266806259751
0.9999987483024597
0.9999672174453735
0.9999909400939941
0.9999771118164062
1.0
0.9999575614929199
0.9999984502792358
0.9999942183494568
0.9999029636383057
0.9999099373817444
0.9999768733978271
0.9999979138374329
0.9999995231628418
0.999928891658783
0.9999374151229858
0.9997059106826782
0.9999715685844421
0.999999463558197
0.9998799562454224
0.9999812841415405
0.999999463558197
8.14526982139796E-4
0.999983012676239
0.9999511241912842
0.9999129772186279
0.0014960248954594135
0.9999974966049194
0.9999959468841553
0.9998483657836914
0.0028984679374843836
0.9999882578849792
0.9999822378158569
0.9997801780700684
0.9998318552970886
0.0017610341310501099
0.9999973773956299
0.9999783039093018
0.9998971819877625
0.9999885559082031
0.9999996423721313
0.9998898506164551
0.9999886751174927
0.9999682903289795
0.9999515414237976
0.9997512698173523
0.9999496936798096
0.9999701976776123
0.9999837875366211
0.9999707937240601
0.9999862909317017
0.9997678995132446
0.9998881816864014
0.9999397397041321
0.9999660849571228
0.9999030232429504
0.9999992251396179
0.9996896982192993
0.9999286532402039
0.9997997283935547
0.9999995231628418
0.0021942281164228916
0.0033590435050427914
0.9999913573265076
0.9998933672904968
0.9999971985816956
0.9999974370002747
0.9999534487724304
0.9999865889549255
0.9999719262123108
0.002328932983800769
0.9999958276748657
0.9999894499778748
0.001455217832699418
0.9999500513076782
0.9999999403953552
0.9999753832817078
0.0016704032896086574
0.9999715685844421
9.069078805623576E-5
0.9999875426292419
0.9999973177909851
0.9997938275337219
3.2335967262042686E-5
0.9999957084655762
0.9999911189079285
0.9999914765357971
0.9999963045120239
5.3706782637164E-5
1.424782967660576E-4
0.9999987483024597
0.999976396560669
0.0014342167414724827
0.9999987483024597
0.9999904632568359
0.9994850158691406
0.9999277591705322
0.9999714493751526
0.9999570846557617
0.9999635219573975
1.8742010070127435E-5
0.9999942779541016
0.9988007545471191
0.0024450826458632946
0.9999778866767883
2.0410248907865025E-5
6.436601324821822E-6
0.9999617338180542
0.9999983906745911
0.9999999403953552
0.9999799132347107
0.9999987483024597
1.3614977660836303E-6
0.9999236464500427
0.9999738931655884
0.9997578263282776
0.9997071623802185
1.0
0.0017873271135613322
0.999997615814209
0.9999992251396179
0.9999946355819702
0.999958336353302
0.999910831451416
5.092835272080265E-5
0.999985933303833
1.0
0.9999649524688721
0.9999366998672485
0.9998929500579834
0.9999497532844543
0.9999622702598572
0.9999865293502808
6.0812675656052306E-5
0.9999880194664001
0.9999950528144836
1.8975322745973244E-5
4.342013198765926E-6
0.9999924898147583
0.999993085861206
0.9999909400939941
0.9999784231185913
0.9999968409538269
0.9999971985816956
0.9999793171882629
0.9999942183494568
0.002158811781555414
0.9999967813491821
0.9999279975891113
0.9999973773956299
0.9999971985816956
0.9999722838401794
0.9997815489768982
0.9999992847442627
0.9999613761901855
9.007813641801476E-4
0.9999736547470093
3.60933199772262E-7
0.9999846816062927
1.3575132470577955E-4
0.9999915361404419
0.9999732375144958
0.9994041919708252
0.9999992847442627
4.504816388362087E-5
1.7375184597767657E-6
0.9999976754188538
9.793347089726012E-6
1.3953112647868693E-4
0.9999954700469971
0.9999988079071045
0.9998703002929688
0.9998963475227356
0.9999999403953552
6.741064717061818E-4
0.9998908042907715
1.5013712072686758E-5
0.9999138116836548
0.9999990463256836
0.9999739527702332
0.9998594522476196
0.9999881982803345
0.9999571442604065
0.9999497532844543
0.9999802708625793
8.37460538605228E-6
0.9999920129776001
0.9999986886978149
0.9999972581863403
2.68305120698642E-5
0.9999974966049194
0.9998016357421875
3.911002295353683E-6
7.549827569164336E-5
0.999995231628418
0.9999858140945435
2.945050255220849E-5
6.317680235952139E-4
0.9999971389770508
1.793618139345199E-5
0.9999973177909851
0.9999992251396179
1.0
6.698921788483858E-5
0.9999915361404419
0.9999865293502808
0.9999923706054688
0.9999951720237732
0.999920129776001
0.9999843835830688
0.9999873042106628
0.9999473690986633
0.999998152256012
0.9999746680259705
1.6764382962719537E-5
0.9999992847442627
0.9999988079071045
0.9998382925987244
1.567881008668337E-5
0.9999606609344482
7.919772178865969E-5
7.01089766153018E-6
5.791916191810742E-5
9.917524039337877E-6
0.0014724250650033355
0.9999961853027344
0.9999579787254333
0.9999997019767761
0.9996468424797058
0.999998927116394
0.9999655485153198
0.9999650120735168
0.9999934434890747
1.66715635714354E-5
0.9999958276748657
0.9999871253967285
2.2223714495339664E-6
0.9999938011169434
0.9999956488609314
2.3597942799824523E-6
0.999971866607666
0.999947190284729
0.9999910593032837
0.9999753832817078
0.9999434351921082
0.9999980926513672
2.610991941764951E-4
0.9999995231628418
0.9999999403953552
0.9999993443489075
0.9999943375587463
0.9999837875366211
0.9999805688858032
0.9999861121177673
0.9999819397926331
0.9999905824661255
8.509294275427237E-6
0.9999763369560242
0.9999988675117493
0.9999884963035583
3.81445606763009E-5
1.271365545107983E-5
0.9999989867210388
0.9999978542327881
0.999988317489624
0.9999863505363464
0.9999823570251465
0.9999872446060181
0.9999985694885254
2.401370466031949E-6
0.9999983310699463
0.9999983906745911
0.9999982118606567
0.9999809861183167
1.452387209610606E-6
0.9999992251396179
0.999587893486023
1.6411249816883355E-5
0.9999967217445374
1.436995171388844E-5
0.9999980926513672
0.9999468922615051
1.9018298189621419E-6
0.9999809265136719
0.9999994039535522
3.799059186349041E-6
9.887044143397361E-5
0.9999982714653015
0.9999925494194031
0.999998152256012
1.6932908692979254E-5
2.95754198305076E-5
0.9999996423721313
0.9999709129333496
1.8488848354536458E-6
0.9999991655349731
4.547083881334402E-5
0.9999518394470215
0.9999842643737793
1.4001328054291662E-5
0.9999982118606567
0.9999856948852539
2.455625872244127E-5
5.755425263487268E-6
8.877431355358567E-6
0.9999848008155823
0.9999985098838806
8.187462663045153E-5
3.54460280505009E-5
0.9999969005584717
0.9999768137931824
0.9999868869781494
0.999991774559021
0.9999983310699463
0.9999372363090515
6.249023135751486E-5
1.4132404430711176E-5
0.9999880194664001
0.999960720539093
0.9999821782112122
0.9999674558639526
0.9998744130134583
0.0010766913183033466
0.9999198317527771
2.6779514428199036E-7
1.0892831051023677E-4
0.9999871253967285
4.235795131535269E-6
0.9999741315841675
0.9999783039093018
4.2829369704122655E-6
1.0424076208437327E-5
0.9999990463256836
0.9998981356620789
0.9999963641166687
1.1041459947591648E-4
2.534683699195739E-5
0.9999998211860657
0.9999997615814209
0.9999933838844299
1.6801806168587063E-7
2.4096493689285126E-6
6.5169674599019345E-6
0.9999657273292542
6.336853402899578E-5
0.9999891519546509
0.9999849796295166
2.0173325538053177E-5
2.346726796531584E-5
4.764347067975905E-7
0.9999990463256836
0.9999884963035583
0.9999988079071045
1.0538541062032891E-7
0.9999982118606567
0.9995999932289124
6.56863849144429E-5
0.9999973773956299
2.0507397948676953E-6
2.4400023903581314E-5
0.9999909400939941
2.0970393961761147E-5
0.9999857544898987
4.200601779302815E-6
0.9999991059303284
0.9999926686286926
0.9999966025352478
0.9999744296073914
1.3760600268142298E-5
0.9999945163726807
7.147789915507019E-7
6.682857929263264E-6
0.9998639225959778
0.9997971057891846
1.1426598211983219E-4
1.5116799659153912E-5
0.9999977350234985
0.9999914169311523
4.444669320946559E-5
0.9999493956565857
0.9999933838844299
0.9999930262565613
2.144198697351385E-5
0.9999969005584717
0.9999974966049194
0.9999949932098389
3.155653030262329E-5
0.9999911189079285
0.9999792575836182
7.714686216786504E-5
2.693355781957507E-6
1.3070083696220536E-5
0.9999989867210388
0.9999809265136719
2.1521769667742774E-5
4.023850124212913E-6
2.457245318510104E-5
2.2051384803489782E-5
4.630606326827547E-6
0.9999893307685852
5.800725944027363E-7
5.775734280177858E-6
1.4913748600520194E-4
0.9999951124191284
1.1250688658037689E-5
0.9999980926513672
0.9999967813491821
0.9999839067459106
0.9999970197677612
0.9999994039535522
7.018174983386416E-6
0.9999865889549255
1.4644999282609206E-5
3.1032817787490785E-4
6.746550752723124E-6
0.9999120235443115
1.0
3.129436227027327E-4
0.9999983906745911
2.5268255399168993E-7
2.006753857131116E-5
7.574962182843592E-6
6.8146468947816174E-6
0.9999755620956421
3.724233465618454E-6
0.9999908804893494
1.181417337647872E-5
0.9999943971633911
4.030865511595039E-6
0.9999991059303284
0.9999969601631165
0.9999861121177673
2.7962072636000812E-5
1.0
1.6947495169006288E-4
0.9999980926513672
2.141426307389338E-7
0.9999996423721313
7.831770744815003E-6
6.185833285599074E-7
0.999994695186615
2.8388362807163503E-6
1.7121442942880094E-4
2.105776802636683E-4
0.999991238117218
0.9999933242797852
0.9999960660934448
2.292654471602873E-6
7.4530539677653E-6
4.221230028633727E-6
0.9999805688858032
0.9999994039535522
2.6783996872836724E-5
1.3816987120662816E-5
0.999991238117218
2.3254695406649262E-5
0.9999871253967285
0.9999412298202515
0.9999748468399048
3.079488578805467E-6
1.1818741768365726E-4
6.270284558240746E-8
2.4954003947641468E-6
0.9999995231628418
0.999991238117218
0.9999170899391174
0.999998927116394
1.7164579185191542E-4
0.9999998211860657
2.8111401479691267E-4
5.573675480263773E-6
0.9999991059303284
2.0943996048572444E-7
0.9999789595603943
2.1947407731204294E-5
0.9999986290931702
0.9999991655349731
2.2799972794018686E-4
0.9999969005584717
9.61486603046069E-6
0.9999985694885254
3.0417255402426235E-5
5.958438578090863E-6
9.794468496693298E-6
1.5399136543692293E-7
6.413917503778066E-7
2.733072506089229E-6
0.9999961853027344
0.9999988079071045
1.1975011875620112E-4
1.5005634850240313E-6
1.2837124813813716E-4
0.9999959468841553
5.530044333568185E-8
0.9999940991401672
0.9997172951698303
3.6986140912631527E-5
0.9999849200248718
0.9992952346801758
9.29327325138729E-6
0.9999963641166687
6.843547453172505E-5
3.3664516507769804E-8
8.356426405953243E-5
1.2965108453499852E-7
2.0314389814757305E-7
2.2917693058843724E-5
0.9999080300331116
1.0529543942539021E-5
2.5216544599970803E-5
4.8732988943811506E-5
0.9999963641166687
0.9999997019767761
2.5654301862232387E-4
9.204256343764428E-7
2.30873425266509E-7
2.866538125090301E-6
8.0118729428591E-9
9.826103486432203E-9
4.283604994270718E-6
9.630673503124854E-7
6.361670301657796E-8
9.407461766386405E-5
0.9999866485595703
3.090765630986425E-6
6.4219734667858575E-6
0.9999924302101135
6.747609972990176E-7
0.9999994039535522
2.5775309495656984E-6
6.415423854377877E-7
0.9999995231628418
0.9999881386756897
0.9999958872795105
4.1950180218464084E-8
3.6481137613009196E-6
9.997456373866953E-8
0.9999994039535522
0.9999807476997375
3.610780140661518E-6
8.625018381280825E-5
1.962279611689155E-6
1.157099745796586E-6
3.4010658964689355E-6
2.408668706266326E-6
0.9999844431877136
4.456583724277152E-8
9.998833775171079E-6
0.9999999403953552
0.9999992251396179
0.9999977946281433
9.629585662196405E-8
0.9999993443489075
2.2695458312682604E-7
1.0464907063578721E-5
1.3720605238631833E-6
4.687412911152933E-6
1.514806740487984E-6
1.638795220060274E-4
1.564090598549228E-5
0.9999991655349731
0.9999995827674866
1.3127316378813703E-5
1.2535887435660698E-5
0.9999998807907104
0.9999986290931702
0.9999995827674866
0.9999990463256836
0.9999998211860657
0.999999463558197
0.9999997019767761
3.2084372492136026E-8
1.7039212707459228E-6
3.439014051309641E-8
2.05875257961452E-5
3.4745512493827846E-6
0.9999999403953552
0.9999999403953552
1.785826611921948E-6
1.8497923520044424E-5
1.0829722668859176E-5
1.0426248309158836E-6
3.265226311555125E-8
2.1585410650004633E-5
0.9999997019767761
6.990679821683443E-7
0.9999995231628418
0.9999999403953552
6.919490260770544E-6
0.9999995827674866
5.7763763550156E-8
0.9999997019767761
0.9999999403953552
9.508713674222236E-7
3.3285034533037106E-6
9.782683264347725E-6
6.94025902703288E-6
2.719797748795827E-6
0.9999998807907104
0.9999997019767761
1.0
0.9999999403953552
0.9999998807907104
0.9999999403953552
0.9999994039535522
2.4330978476427845E-7
6.064852442477786E-8
2.4304719659085094E-7
0.9999999403953552
4.5629113287759537E-7
3.7806287309649633E-6
3.701358366470231E-7
0.9999999403953552
2.01122134058096E-6
1.3002307674980784E-8
9.463306804846638E-10
0.9999995231628418
7.943493862683226E-9
7.007872060427189E-10
1.1390614007567024E-9
1.0
1.0
3.017212174549755E-11
5.941893027952561E-13
