Unsaturated hydrocarbons
1.1175189138157293E-4
2.5978024495998397E-5
3.716078936122358E-4
2.083534127450548E-6
7.219226063170936E-6
7.403527706628665E-5
1.0563122486928478E-4
1.1571225513762329E-5
1.1180060255355784E-6
1.1851249837491196E-5
6.855996161903022E-6
1.5783535491209477E-4
3.555917282938026E-5
1.5134642126213294E-5
7.37090886104852E-6
1.403507667419035E-5
2.0696701540146023E-5
1.891432111733593E-5
9.254279575543478E-6
1.0089620445796754E-5
2.164364377676975E-5
2.1754543922725134E-5
7.478236511815339E-6
3.1445022159459768E-6
1.4521309822157491E-5
1.1308413377264515E-4
8.986470675154123E-6
9.31112481339369E-6
8.431948117504362E-6
1.912967491080053E-6
2.1217613266344415E-6
3.5502249374985695E-5
8.634656296635512E-6
2.735374096118903E-7
1.0491534339962527E-5
1.2254858120286372E-5
6.426399522752035E-6
6.992353291934705E-7
5.772061558673158E-5
4.181790245638695E-6
4.7626621380914E-5
1.1655131856969092E-5
2.6369123133918038E-6
9.354641406389419E-6
3.1444933483726345E-6
1.4879617083352059E-5
0.003902105148881674
4.101450031157583E-6
1.0272052350046579E-5
1.511869631940499E-4
9.771591066964902E-6
2.158192546630744E-5
8.136005817505065E-6
8.099954357021488E-6
8.569087185605895E-6
2.4042265067691915E-5
6.0568287153728306E-5
1.5622141654603183E-4
1.884612356661819E-5
1.1508786883496214E-6
7.751411430945154E-6
2.283233470734558E-6
2.4275343548652017E-6
1.9006896764039993E-5
3.6857498344033957E-5
1.684529343037866E-5
1.578433148097247E-5
8.126700413413346E-5
2.053787829936482E-5
4.37178932770621E-5
1.0019588216891862E-6
1.4347480828291737E-5
3.6488418686531077E-7
3.860605829686392E-6
1.944829818967264E-6
1.324691652371257E-6
1.4237161849450786E-6
1.9286144379293546E-6
4.590585740515962E-5
1.2508251529652625E-5
2.499840957170818E-5
5.718702595913783E-5
1.6641361071378924E-5
6.260866484808503E-6
3.7587426504614996E-6
5.748717285314342E-6
0.014134451746940613
3.6527269458019873E-6
5.0680355343502015E-6
1.0675173143681604E-5
3.376469248905778E-5
9.779444553714711E-6
3.824111263384111E-5
1.9657240045489743E-5
1.7405195103492588E-4
4.690367063631129E-7
7.341620403167326E-6
7.579951670777518E-6
7.963863026816398E-6
3.637512008936028E-6
2.245080395368859E-6
4.555533450911753E-6
2.3794184471626068E-6
5.383228085520386E-9
8.419969503847824E-7
4.922060725220945E-6
1.129329320974648E-4
1.4323176174002583E-6
4.324715064285556E-6
6.395940090442309E-6
3.4099637559847906E-5
7.193162332441716E-7
5.349141702026827E-6
2.459702591295354E-5
5.450295361697499E-7
4.665879259846406E-6
5.503965780917497E-7
2.0608513295883313E-6
5.5706486534745636E-8
1.075910131476121E-5
2.859656433429336E-6
1.1329679239224788E-7
8.746709454499069E-7
5.091946604807163E-6
1.4224315236788243E-5
4.853808604821097E-6
3.2470800306327874E-6
8.682426368977758E-7
7.260152870003367E-6
6.052488060959149E-6
2.2555737814400345E-5
3.2679152354830876E-5
1.52807442646008E-5
2.1051625935797347E-6
2.611528088891646E-6
1.0456506061018445E-6
1.1807569535449147E-6
2.3676466298638843E-6
1.6928429431573022E-6
2.0045938072144054E-5
5.556039468501695E-7
9.422997209185269E-6
2.1800068498123437E-4
1.6049523765104823E-5
7.058330993459094E-6
2.50756238528993E-6
2.912131549237529E-6
3.2807649859023513E-6
1.799727397155948E-5
6.23763698968105E-5
7.523486419813707E-5
1.9170345240127062E-6
8.33852169535021E-8
8.439099019597052E-7
1.479988554820011E-6
3.484910848783329E-5
3.7556251299974974E-6
4.0288919080921914E-6
2.875133304769406E-6
1.1582114893826656E-5
2.134915121132508E-6
3.0396586225833744E-6
1.9757387690333417E-6
2.8835243938374333E-5
2.603378788990085E-6
2.5178214855259284E-6
1.1096819889644394E-6
9.374053320243547E-7
4.53183702120441E-6
2.1342291347536957E-6
1.1351640978318756E-6
2.102920007018838E-5
1.8572362705526757E-6
2.6098648504557787E-6
3.0701676223543473E-6
3.4861144376918674E-4
5.396824417402968E-5
8.153509043040685E-6
2.264699361376188E-7
6.935415512998588E-7
1.2660156016863766E-6
4.609808911482105E-6
1.0025647497968748E-5
0.0025353229139000177
5.859066277480451E-6
2.7489570584293688E-6
9.219430467055645E-6
0.0021057191770523787
1.9781442972544028E-7
1.244680242962204E-5
4.3723768612835556E-5
8.186510240193456E-5
4.658685611502733E-6
6.014240625518141E-7
4.3017339521611575E-6
2.619550286908634E-6
3.573641151888296E-6
1.481413391957176E-6
9.101127943722531E-6
2.7876697004103335E-6
5.392220373323653E-6
4.5762051740894094E-5
1.395901563228108E-5
3.803021172643639E-6
6.394389401975786E-6
2.7372288968763314E-6
5.278400203678757E-5
5.579415187639825E-7
1.2116707694076467E-5
4.7452678700210527E-5
5.088273155706702E-6
7.730360266577918E-6
1.1717501635644112E-8
0.0015588590176776052
1.3362599702304578E-6
1.102553824239294E-6
9.025430358633457E-7
3.7193356092757313E-6
1.1742540664272383E-6
1.8928708414023276E-6
1.7521656445751432E-6
7.923375960672274E-6
6.790539191570133E-5
5.2592131396522745E-6
9.005058927868959E-6
1.323165779467672E-4
9.506822607363574E-6
2.1869136617169715E-6
8.413231284976064E-7
3.1671854117121256E-7
3.3225896913791075E-6
0.002540714805945754
8.38277719594771E-6
1.410922664035752E-6
3.1333763672591886E-6
1.4010903441885603E-6
1.382999380439287E-5
1.9261278794147074E-6
1.038004711517715E-6
8.245892786362674E-6
2.1176820155233145E-6
5.729427599021619E-8
1.2374242032819893E-5
2.883902880057576E-6
1.0679409570002463E-6
4.18513565136891E-7
1.8234381059301086E-5
8.845885531627573E-6
1.6210923377002473E-6
1.4664648233519983E-6
5.567843800236005E-6
1.094828263603631E-7
7.807814199622953E-7
1.5028600728328456E-6
9.05903505099559E-7
1.1460008408903377E-6
6.478713657998014E-6
2.09155314223608E-6
2.95928111881949E-6
5.109085759613663E-5
8.279643566311279E-7
1.275945237466658E-6
4.909795165985997E-7
2.5959691285493136E-8
1.0472131606320545E-7
7.387161986116553E-6
1.572746668898617E-6
1.2136713394284016E-6
1.2014548929073499E-6
9.73930809777812E-7
2.481436922607827E-7
2.6151208203373244E-6
1.2533889730548253E-6
5.824379059049534E-6
2.4870128072507214E-6
4.4164903556520585E-6
9.814818895392818E-7
2.1278110580169596E-6
3.14834869641345E-6
3.443730065555428E-7
6.487747305072844E-5
4.586459454003489E-6
1.7475205140726757E-6
1.992082252399996E-5
1.0039445896836696E-6
1.3950149877928197E-4
4.572718808049103E-6
7.940469970435515E-8
1.0787067731143907E-4
4.4441831050789915E-6
3.329018227304914E-6
9.632691444494412E-7
7.314998242691217E-7
2.9622524380101822E-6
9.712995563404547E-8
9.698795544466066E-9
7.203071618278045E-6
7.602452001265192E-7
3.387763456430548E-7
0.001548938686028123
2.6039478484563006E-7
1.6363250097128912E-6
2.0845014660153538E-5
1.3686066085938364E-4
3.610811916132661E-8
1.0958297025354113E-6
1.226961558131734E-6
2.0752024738612818E-6
2.5344331788801355E-6
5.471302301884862E-6
7.586894525957177E-7
3.513031333568506E-5
1.8517173430154799E-6
9.474104167850328E-9
7.213360731839202E-6
3.850005668937229E-6
4.545202955341665E-6
3.0707244604855077E-6
1.347658212580427E-6
1.1895481293322518E-6
1.4655335007773829E-6
7.67830806580605E-6
1.3042129012319492E-6
2.1780624592793174E-7
1.3211933946877252E-6
2.8671688596659806E-6
2.7810327082988806E-5
1.1281828483333811E-4
2.359595100642764E-6
8.093364272099279E-7
3.6420951801119372E-6
4.4820783529075925E-8
7.348882036239957E-7
1.4322126844490413E-6
3.332249036702706E-7
3.246875905915658E-7
7.395365173579194E-7
2.828295180279383E-7
6.91749107772921E-7
3.362628433478676E-7
3.472513299129787E-6
1.133911382567021E-6
1.0628941709001083E-6
2.2511876522912644E-6
1.7536464156364673E-6
4.967680979461875E-6
4.985947743989527E-4
2.607190708658891E-6
3.1610393307346385E-6
5.850822617503582E-7
6.646791916864458E-7
1.8448245100444183E-5
1.8819331671693362E-5
2.106334022755618E-6
1.0779516514958232E-6
1.0960881127175526E-6
1.4617017995988135E-6
9.457185683459102E-7
6.986961125221569E-7
8.121416612993926E-6
1.2165635325800395E-6
9.102323019760661E-7
2.772550828922249E-7
5.675451575370971E-6
4.430523404153064E-6
1.528705126929708E-7
5.132953333486512E-7
1.7870230522021302E-6
3.882342753058765E-6
1.2161132190158241E-6
9.950493904398172E-7
1.7543254671181785E-6
1.6013344747989322E-6
5.996217282699945E-7
7.111637501111545E-7
6.880021032884542E-7
1.2485177194321295E-6
7.103335519786924E-7
1.8294734900337062E-6
4.479230142351298E-7
1.136094624598627E-6
2.140797050742549E-6
2.426706487312913E-6
4.467421149456641E-6
4.3350112832740706E-8
1.0915615575868287E-6
7.304290079446218E-7
2.9977928761582007E-7
9.3177158078106E-7
5.442259407573147E-6
3.091704172675236E-7
7.003428891039221E-6
2.761031510090106E-6
2.554747879912611E-6
1.8753310087049613E-6
7.856155207264237E-6
2.5722627015056787E-6
2.329346716578584E-5
6.234008651517797E-7
5.2157243857209323E-8
1.0515459507587366E-6
1.8472890133125475E-6
6.69248095164221E-7
2.3848062937759096E-6
5.098749511489586E-7
1.5200240568447043E-6
1.5504482462347369E-6
1.9842173060169443E-6
2.9943248591735028E-6
7.915090804999636E-7
6.970385129534407E-6
7.46542468732514E-7
7.097437446645927E-7
1.1217839528399054E-6
2.479234524344065E-7
3.869154170388356E-7
5.7622368331067264E-5
7.971369768711156E-7
8.194386396098707E-7
1.3166783219276113E-6
7.398311481665587E-6
1.8090277720261838E-8
5.053048823810968E-8
6.609888032471645E-7
1.6069494677140028E-6
2.7069081625086255E-6
7.652063800378528E-7
9.534217610962514E-7
3.505229813072219E-7
2.7210467123950366E-6
3.4672073212504984E-8
2.5498982267890824E-6
7.44523390494578E-7
5.330065846465004E-7
6.914280561431951E-7
4.554407496470958E-6
2.287337338202633E-6
6.321378123175236E-7
5.329850409907522E-7
6.41923691091506E-7
1.0733585895650322E-6
8.402391244999308E-7
2.4824155389069347E-6
2.018204668274848E-6
1.6627387594780885E-5
3.240920776192979E-8
2.2590662410948426E-4
6.564750378856843E-7
1.0373826171417022E-6
1.3619402494668975E-8
2.999867319886107E-6
8.496053851558827E-7
5.697340839105891E-7
7.208813713077689E-6
3.415672981645912E-4
5.572994155045308E-8
7.613712114107329E-7
8.583925819038996E-7
2.106138026647386E-6
5.520842023543082E-7
5.091505954624154E-7
6.025204584148014E-6
3.547443702700548E-5
0.0010679428232833743
9.512363249086775E-6
1.72130887676758E-6
1.4661906106994138E-6
4.110633199161384E-6
7.703858955210308E-7
0.008438941091299057
9.326028589384805E-7
9.401496754435357E-6
7.90551666796091E-7
1.1592262126214337E-5
5.400892746365571E-7
3.5251611052444787E-7
4.348108632257208E-6
1.6936188274030428E-7
2.2187302874954185E-6
6.559170060427277E-7
2.335699491595733E-6
8.82619346498359E-8
1.17636466256954E-6
6.862929353701475E-7
2.134928035957273E-5
2.4563826173107373E-6
7.616001767019043E-7
2.153449486286263E-6
2.5099457161559258E-6
7.35944061247551E-9
9.1890897238045E-6
2.055718141491525E-6
5.7539644330972806E-5
1.9675164821819635E-6
3.3786891435738653E-6
5.58938552330801E-7
1.6249414258595607E-8
2.371284608670976E-6
9.983865112417334E-8
1.8937813365482725E-5
1.9508587456584792E-7
3.1956601560523268E-6
1.6092562304947933E-7
6.775163683414576E-7
1.3994126675243024E-6
1.0244751820209785E-6
7.239517572088516E-7
2.165847035939805E-6
5.684329948962841E-7
3.8163264548529696E-7
2.194918124587275E-6
3.61081231581295E-9
8.25562210593489E-7
4.2987323922716314E-7
2.9454265586537076E-6
1.7844166677605244E-7
7.40598466109077E-7
2.857630988728488E-6
1.0321641457267106E-4
2.713534740905743E-6
8.520671030964877E-7
1.117275132855866E-6
3.330498293507844E-4
3.370585909578949E-5
6.833831321273465E-6
7.222719311528181E-9
1.4048599439320242E-7
1.1799284038715996E-6
2.1318699054972967E-6
4.621263087756233E-6
7.027006358839571E-5
1.654935211092834E-8
9.27662782146399E-8
1.8940415884571848E-6
1.1519033478180063E-6
1.0116962585016154E-5
2.0156839752871747E-7
4.131111452920777E-8
4.308298073851802E-8
1.5766825526952744E-5
1.0804977137013339E-5
6.912935646141705E-7
1.7881149005916086E-6
5.216751105763251E-6
7.688310574849311E-7
6.122865556790202E-7
2.2544037392435712E-7
1.3488541981132585E-6
1.0802788210639847E-6
1.5619679061273928E-7
4.249386975629932E-8
1.6592764495726442E-8
9.009880841404083E-7
7.938957082842535E-7
1.3857094245395274E-6
4.415154307935154E-6
1.9225817595724948E-6
1.5951648038026178E-6
5.0875655688287225E-6
5.019445552534307E-7
1.3682838471140712E-4
3.0842364218131024E-9
1.7213969840668142E-5
5.90939748690289E-7
1.0756573828984983E-5
2.129877539118752E-4
7.106915290933102E-6
3.5228828210165375E-7
4.164146805152313E-9
6.384795142366784E-6
5.716628237451005E-8
4.910990014650451E-7
1.9652213723020395E-7
2.0712107584586192E-7
0.0016826619394123554
0.0010165891144424677
5.405268439062638E-6
4.7241548450926985E-9
1.3110029613017105E-6
2.9449287453076067E-8
1.7255287332318403E-7
6.78932451592118E-7
6.417003817205114E-9
2.2194935809238814E-6
4.954692485625856E-6
9.97251049739134E-7
2.5542736693751067E-5
7.535977601946797E-7
0.003525189822539687
3.5457722447063134E-7
7.658148888367577E-7
0.7909470796585083
6.6429865910322405E-6
5.51711127627641E-6
1.0912344805547036E-7
1.2315671256146743E-6
5.182987479201984E-7
6.315183753713427E-8
0.9400728344917297
1.3376431979850167E-6
3.788179014918569E-7
1.1140116384922294E-6
2.9172801419008465E-7
6.084317760723934E-7
7.278972589119803E-7
9.903851605486125E-8
1.1434525504228077E-6
3.7430336163879474E-8
4.770947271026671E-6
6.759595976291166E-7
3.0315601179609075E-5
2.2501438934341422E-8
4.7016769144647697E-7
1.2349768496733304E-7
9.563837011228316E-7
8.396195738669121E-9
5.879075160919456E-6
1.4218223043371836E-7
6.122863283053448E-8
3.499342346913181E-5
6.596972525585443E-6
2.7442108603281667E-6
4.0842696762410924E-5
4.1371364204678684E-5
1.4638434322478133E-6
1.9849854652420618E-5
2.9104896270837344E-7
1.2668189128817176E-6
3.015275524376193E-6
1.9047949706418876E-7
4.365086351754144E-5
1.0939465573756024E-4
2.3295582707305584E-7
5.863839760422707E-7
4.5144223258830607E-4
2.536590386625903E-7
3.7883356185375305E-7
1.7666301346253022E-6
7.01180891127251E-10
7.834772191017692E-7
5.3541036493243155E-8
1.732262688847186E-7
2.037780541286338E-5
0.965691864490509
5.917389898968395E-6
1.2831577805627603E-5
2.3255399810295785E-6
3.4039134334307164E-5
1.4562338890300452E-8
4.449087498414883E-8
1.868105900939554E-4
0.9777838587760925
2.1604789424145565E-7
6.1012192418274935E-6
5.09053961650352E-6
1.7430857868205862E-9
1.6914940204060258E-7
5.1742940598842324E-8
3.858920294419477E-9
6.609018328163074E-7
3.636144541019348E-8
6.648022576882795E-7
0.8983542323112488
5.224035817263939E-7
2.1851266751582443E-7
1.287625200347975E-4
0.0025868797674775124
3.8734285112695943E-7
1.1137123578919272E-7
1.8242475618990284E-7
6.699197911075316E-6
4.428783086041221E-6
1.2337875432422152E-6
1.201974919240456E-5
3.7553203924289846E-7
5.5239386711036786E-5
1.0526533151278272E-4
1.2803052129584103E-7
1.8036477558780462E-4
7.917868060758337E-6
1.0044664122688118E-6
6.059929003043862E-9
1.9982043886557221E-4
1.960335976036731E-5
3.114348885446816E-7
1.538729266030714E-4
1.121795548897353E-6
8.063220207077393E-7
3.1736084338263026E-7
1.390865509165451E-4
3.291171424280037E-7
1.5180470427367254E-6
8.229736749854055E-7
4.3938692328993056E-7
5.706753292145095E-9
1.7271147953579202E-5
4.070683417012333E-7
6.219158422027249E-6
5.529650692892574E-8
9.582297622046099E-9
0.835875391960144
1.2719683581963181E-6
3.2783520964585477E-6
4.865558977940054E-8
8.668198461236898E-6
5.959530540167179E-7
8.755810267757624E-5
0.9844663739204407
1.840462937252596E-5
3.0696511385031044E-4
1.0262027672069962E-6
8.488128514727578E-6
4.4951491872780025E-4
1.3299229806307267E-7
4.189219851014059E-7
1.3541271073336247E-6
4.608167003539165E-8
5.162169600225752E-6
3.697964245930052E-7
4.960214937455021E-5
1.5248122053890256E-6
1.249717297469033E-5
1.3378985386225395E-5
7.75071555381146E-7
2.6534044081927277E-6
3.3991123927989975E-5
3.81671014793028E-7
1.7633626114843537E-8
4.530863577656419E-7
6.611879598494852E-6
1.1063587379567252E-8
9.894122285913909E-7
4.1192787466570735E-4
2.685155209292134E-7
1.6215734532920578E-8
1.4687623206555145E-6
2.167023694710224E-6
1.06877387224813E-5
3.397191150611434E-8
9.554288737945171E-8
7.197340892162174E-7
1.3009513111228443E-7
1.6867803651621216E-6
1.0836594555030388E-7
1.8387842283118516E-4
1.8737755453912541E-6
2.7967747882939875E-5
1.2774132301274221E-5
7.020743737484736E-7
8.600841283623595E-7
3.861346158373635E-6
9.849122761806939E-8
1.786611250054193E-7
9.646878606872633E-5
1.1347376130288467E-5
2.041752595687285E-4
6.957483122960184E-8
4.384226315323758E-7
1.4436255746375082E-8
1.5317154975491576E-6
9.930012311087921E-5
8.90422143129399E-6
1.2018731565532903E-9
7.31580876163207E-5
5.112200440748893E-9
1.2510755368566606E-5
1.8987493888289464E-7
8.304437528749986E-7
6.774131975362252E-7
7.501315124613939E-9
5.260328180156648E-5
1.6779713405412622E-5
2.0287223378545605E-5
1.6928333934629336E-6
1.5691794885697163E-7
1.0530816325626802E-6
0.8542784452438354
4.6142768042045645E-6
1.2579292160808109E-5
4.099249963473994E-6
2.5556662876624614E-5
6.375551038217964E-7
1.2233377674419899E-5
2.3977139562703087E-7
3.5962148103863E-6
1.5935131523292512E-4
7.613476213919057E-7
2.4901458672843546E-9
1.3337552081793547E-4
7.027259471215075E-6
5.619877629214898E-5
1.3034784387855325E-5
3.5906549555875245E-7
1.4490517969534267E-5
6.286605866989703E-7
3.812575144479524E-9
3.1165473046712577E-6
8.948042307110882E-8
2.1832688071299344E-4
9.009761470224475E-8
2.414997091193527E-8
1.2715211596514564E-5
0.004963054321706295
5.14355178893311E-7
7.034339777334253E-10
1.2470570709410822E-7
1.4915986866981257E-5
4.183710711203048E-9
6.145206725705066E-7
2.3257552328459496E-8
4.688139654263068E-8
3.6964564060326666E-5
1.0918928410319495E-6
5.731677902076626E-6
4.829171871278959E-7
6.92179526140535E-7
3.982989437645301E-5
4.8427676665596664E-4
1.5615283700753935E-5
2.417049449476849E-9
8.35928176456946E-7
5.625446283374913E-5
2.3972108465386555E-5
3.2907996683206875E-6
1.2142784555635444E-7
9.344401769340038E-5
2.706750456127338E-5
2.8856702556367964E-6
4.215483841107925E-6
6.130976171192515E-9
4.194978828309104E-6
2.8018988086842E-4
1.9656553718050418E-7
6.006399780744687E-5
1.2684648936556187E-5
8.801493095234036E-6
2.614633274333755E-7
7.436122359649744E-6
2.5976316464948468E-5
2.855394996004179E-6
7.672800279578951E-7
1.0369129199716554E-7
2.1268235741445096E-6
4.5485583655135997E-7
8.446866104350192E-7
1.884699122456368E-5
1.5082000004440488E-7
3.743283377843909E-5
3.56907179366317E-7
3.5259388823760673E-5
1.9156385633323225E-7
8.274580522993347E-7
3.335703877382912E-5
4.441287160261709E-7
1.5496865671593696E-5
5.171953034732724E-6
2.704015059862286E-5
5.4274794820230454E-5
1.0234852076962397E-8
2.771515239530231E-10
1.8890776846092194E-4
2.1183739590924233E-5
1.468006189497828E-6
5.05182943015825E-5
7.083840318955481E-5
4.7476407871727133E-7
1.160364320185181E-7
1.1838378810580252E-7
6.806197689002147E-6
6.796755087634665E-7
8.997350846584595E-7
3.842184923996683E-6
2.2613630790147E-5
4.982921382179484E-7
2.4219966476834998E-8
3.4365946248726686E-6
1.6267986211460084E-5
0.0013992926105856895
4.19708072740832E-7
2.7762371246353723E-7
5.422565300250426E-5
0.8803291320800781
3.9078427107597236E-6
4.207448728266172E-5
4.5822380343452096E-5
4.981362167200132E-7
6.804451913922094E-6
1.0748096428869758E-5
5.866568244528025E-7
5.599331416306086E-5
7.152559078349441E-7
5.599661179189752E-8
1.2882507871836424E-4
3.465323743512272E-7
2.0186712390568573E-7
3.952714905608445E-6
9.195299207931384E-5
5.141695851307304E-7
3.996286613983102E-5
2.8373138775350526E-5
2.182257958338596E-5
4.305166001472571E-9
2.8312472295510815E-6
2.8733627914334647E-5
1.9494223124638665E-6
3.5874480090569705E-5
1.3798917279927991E-5
3.259098593844101E-5
4.522174640442245E-5
1.1950336897825764E-7
7.96210497355787E-6
2.272574839423669E-8
1.2016824257443659E-5
3.925978120378204E-8
0.8060464262962341
3.5657163266478165E-7
1.890675065396863E-7
5.149887556399335E-7
5.506719462573528E-4
1.3602185333638772E-7
1.0679867955332156E-5
1.009433105991775E-7
2.4375842258450575E-5
5.028297209719312E-7
4.567772339214571E-5
2.743609184108209E-5
8.460440585622564E-5
8.779206837061793E-6
3.627716068876907E-5
6.979875706747407E-6
3.444935359198098E-8
2.5671074581623543E-6
5.736700040870346E-5
0.9841650724411011
9.24503092392115E-6
1.0330625627830159E-5
1.0704114856707747E-6
4.299992269807262E-6
2.272542224091012E-5
4.589511718222639E-6
1.0436238540023624E-9
1.0116792691405863E-4
2.9014537972216203E-7
4.252376868407737E-7
3.3790647080422787E-7
8.708426548764692E-7
1.3657535600941628E-4
9.213228508997418E-7
3.2119416459863714E-7
1.250715854439477E-6
1.206556561328398E-7
1.0861806032380628E-7
1.999125561269466E-5
2.741771641012747E-5
6.5781605371739715E-6
3.8630550989182666E-5
5.22565096616745E-6
1.1009461076127991E-7
3.0101318770903163E-5
4.526505961166549E-7
7.971095328684896E-6
1.258859811059665E-5
1.2698939144684118E-6
2.3996921299840324E-5
2.8263457352295518E-8
5.383587904361775E-6
1.6813475056665084E-8
6.678907993773464E-6
1.2270828847249504E-5
1.8763356592899072E-6
1.760773038483876E-8
6.646595920756226E-6
6.538116394949611E-6
6.920650434949494E-7
5.258704618427146E-7
2.3279309971258044E-5
6.22094958089292E-5
2.6623681605997263E-6
2.831509959833056E-7
0.9652296900749207
1.253302173154225E-7
7.154695724764792E-10
4.030936906929128E-6
2.637142726413799E-10
1.5241689652611967E-6
1.6381332534365356E-4
3.3327241908409633E-6
1.9333892851136625E-5
7.683453986828681E-6
1.8909790014731698E-5
0.9968398809432983
3.965445557696512E-6
1.2556606634461787E-6
2.2252744713568973E-7
5.657701080963307E-7
2.480818238836946E-6
1.657824614085257E-4
1.217999425762173E-7
1.0718004972432027E-7
2.650553369676345E-6
4.013376837974647E-6
0.9960840940475464
1.048351259669289E-5
4.627928973377493E-8
1.7049790130840847E-6
8.175388757081237E-7
3.510803799144924E-5
4.215757144265808E-6
1.0116427802131511E-6
8.429460507386466E-8
1.616695044504013E-5
1.6518963548151078E-6
1.2527875981049874E-7
0.9979109764099121
3.583244279070641E-8
1.7867423593997955E-5
5.63578169021639E-7
5.4661118156218436E-6
1.5599135849697632E-6
1.2723356235255778E-7
1.498133315180894E-5
8.487530976708513E-6
4.1284670260210987E-7
1.4291398997556826E-7
8.643871751701226E-8
0.8279549479484558
1.808437446015887E-5
2.466289572566893E-7
7.405991482301033E-7
6.835039130237419E-6
1.8232262277706468E-7
1.7722251186569338E-6
1.207531113323057E-5
1.9334684111527167E-6
6.330738244741951E-8
8.672788709418455E-9
5.935894478170667E-7
0.9968348145484924
1.03376187610138E-8
0.9976690411567688
2.493511146894889E-6
1.6661728352573846E-7
1.7094724853450316E-6
5.220639650360681E-6
2.1388033928815275E-5
2.2729261672793655E-6
6.188056289602173E-8
8.734684975308937E-9
1.289192709919007E-6
2.4568512344558258E-6
2.0677981993344474E-8
1.406528298275589E-7
2.602749020752526E-7
1.9153218033807207E-7
2.5117847712863295E-7
8.054602744778094E-7
3.6918377244177236E-9
9.05669480744109E-7
6.397107199518359E-7
2.372356675550691E-6
6.941518222447485E-7
9.196197652272531E-7
6.942840968804376E-8
1.7603309743208229E-7
4.3510439695637615E-7
1.3695434972760268E-6
5.846349040439236E-7
2.5387469904103455E-9
8.050862732034147E-8
4.978058427695942E-7
3.582429686233013E-9
3.0938520012568915E-7
1.4642836276834714E-6
2.041125753748929E-6
7.942350777057072E-8
2.5792210589514752E-9
5.982883521937765E-7
7.888210262763096E-8
8.067372192499533E-8
1.7695741760803685E-8
3.1117424441617914E-6
3.6929915836481086E-7
3.1268936595552077E-7
2.7382604912418174E-6
2.121770092955444E-9
1.8044641336700806E-8
5.216979204192285E-8
1.2752948030936295E-8
6.640291871917725E-9
6.344573222349936E-8
5.034039851636862E-9
2.5189263396896422E-5
8.279175744974054E-8
2.1891979486099444E-5
4.218862059701678E-8
1.094156854009043E-8
3.78424900304708E-8
1.950058248212372E-8
1.2789863390594292E-8
1.9328875999757855E-10
1.7987995093449172E-8
4.388639229802038E-9
5.741311426277207E-8
7.088019060574879E-10
2.3947133165336254E-9
5.676236369822618E-9
6.637247196294993E-9
5.0836588272318295E-9
1.1582806241916543E-10
1.5377290369864016E-12
