Hydrocarbon derivatives
0.9968758225440979
0.9998468160629272
0.9995362758636475
0.9999628067016602
0.9999175667762756
0.9986597895622253
0.999659538269043
0.9999153017997742
0.9998083710670471
0.9999407529830933
0.9999710917472839
0.9998155832290649
0.9999796748161316
0.999906599521637
0.9999558925628662
0.9999830722808838
0.9999532103538513
0.999792754650116
0.9998646378517151
0.9999723434448242
0.9997459053993225
0.9999832510948181
0.9999019503593445
0.9999830722808838
0.9999516010284424
0.9999109506607056
0.9998746514320374
0.9999791383743286
0.9999900460243225
0.9999746680259705
0.9999926686286926
0.9999743103981018
0.9999918341636658
0.9999950528144836
0.9999628663063049
0.9999693036079407
0.9999901056289673
0.999992311000824
0.9999539256095886
0.9999921917915344
0.9999728202819824
0.9999898076057434
0.999984622001648
0.999995768070221
0.9999853372573853
0.9999848008155823
0.9892116785049438
0.9999902248382568
0.9999054670333862
0.9982703924179077
0.9999960660934448
0.9999878406524658
0.9999685883522034
0.999991238117218
0.999983012676239
0.9998407959938049
0.9998019933700562
0.9999452233314514
0.9999653100967407
0.9999886155128479
0.9999805688858032
0.9999822974205017
0.9999904632568359
0.9999851584434509
0.9998811483383179
0.999991238117218
0.9999863505363464
0.9999893307685852
0.9999878406524658
0.9989076852798462
0.9999924898147583
0.9999783635139465
0.999676525592804
0.9999180436134338
0.9999970197677612
0.9999963641166687
0.9999942779541016
0.9994459748268127
0.9996481537818909
0.9999920725822449
0.9999645352363586
0.9999943375587463
0.9999879598617554
0.999953031539917
0.9999735951423645
0.9999886751174927
0.9862287044525146
0.9999886751174927
0.9999743103981018
0.9999842643737793
0.9999716877937317
0.9999808669090271
0.9999707341194153
0.9877198934555054
0.999722421169281
0.9999679327011108
0.9999706149101257
0.9999708533287048
0.999969482421875
0.9999957084655762
0.9999770522117615
0.9999881982803345
0.9999884366989136
0.9999801516532898
0.9999988675117493
0.9999728798866272
0.9944531321525574
0.9999982118606567
0.9999885559082031
0.9999769926071167
0.9999772310256958
0.9999982118606567
0.9998201727867126
0.999964714050293
0.9998189806938171
0.9999773502349854
0.9999964237213135
0.9999992847442627
0.9999929070472717
0.9999760985374451
0.9999967217445374
0.9999799728393555
0.9999966025352478
0.99998939037323
0.9999919533729553
0.9999955296516418
0.9999853372573853
0.9999510049819946
0.9999759793281555
0.9998000860214233
0.9999364614486694
0.9999901056289673
0.999998927116394
0.9910852909088135
0.9998945593833923
0.9999587535858154
0.9999909996986389
0.999994158744812
0.999884307384491
0.999991238117218
0.9999988675117493
0.9999270439147949
0.9969282746315002
0.9999988675117493
0.9999893307685852
0.9992110729217529
0.9999969601631165
0.9999911785125732
0.9999927282333374
0.9999532103538513
0.9999767541885376
0.9999912977218628
0.9999396204948425
0.9999985098838806
0.999992311000824
0.9999921917915344
0.9999896287918091
0.9999848008155823
0.999986469745636
0.9999961853027344
0.9999845623970032
0.9999891519546509
0.9999895095825195
0.9999768137931824
0.9999813437461853
0.9999973177909851
0.9999938011169434
0.9999927282333374
0.9999952912330627
0.9999901652336121
0.9999955296516418
0.9986193180084229
0.9999957084655762
0.9999906420707703
0.9999268651008606
0.9884960651397705
0.9999796152114868
0.9999513030052185
0.99959397315979
0.999988853931427
0.9999979734420776
0.9999985098838806
0.9999824166297913
0.9984915852546692
0.9999688863754272
0.9999867081642151
0.9999756813049316
0.9972831010818481
0.9997802972793579
0.999993622303009
0.9998274445533752
0.9999301433563232
0.9999654293060303
0.9999577403068542
0.999990701675415
0.9999865293502808
0.9999921917915344
0.9999954104423523
0.9999942779541016
0.9999492764472961
0.9999880790710449
0.999883770942688
0.999785304069519
0.9999886751174927
0.9999960660934448
0.9999701380729675
0.9998741149902344
0.9999619126319885
0.9999805092811584
0.9996025562286377
0.9999881982803345
0.999982476234436
0.9999948740005493
0.9987242221832275
0.9999931454658508
0.9999936819076538
0.9999927878379822
0.9999892711639404
0.9999957084655762
0.9999752044677734
0.9999937415122986
0.9998645186424255
0.9999309182167053
0.999992847442627
0.9999763369560242
0.9998858571052551
0.9999582767486572
0.9999976754188538
0.9999914765357971
0.9999955892562866
0.9999396204948425
0.9987602233886719
0.9999918937683105
0.9999961256980896
0.9999901652336121
0.9999939799308777
0.9999955296516418
0.9999658465385437
0.9999927878379822
0.9999735951423645
0.9999960660934448
0.9999929070472717
0.9999809265136719
0.9999927282333374
0.9999972581863403
0.9999923706054688
0.9999884963035583
0.9998244643211365
0.9992068409919739
0.9999949336051941
0.9999971985816956
0.999919593334198
0.9999945163726807
0.9999920129776001
0.9999969601631165
0.99830561876297
0.9999582171440125
0.9999611973762512
0.9999954700469971
0.9998298287391663
0.999992847442627
0.9999979734420776
0.9999523758888245
0.9999749660491943
0.999984622001648
0.9999665021896362
0.9999958872795105
0.9999974370002747
0.9999967217445374
0.9999972581863403
0.9999976754188538
0.9999797344207764
0.9999967813491821
0.9999905824661255
0.9998102188110352
0.999916136264801
0.9999969601631165
0.9998462200164795
0.9999762773513794
0.9999822378158569
0.9999223947525024
0.9999739527702332
0.9996150732040405
0.9999974370002747
0.9999974966049194
0.9972226023674011
0.9999881982803345
0.9999980330467224
0.9990786910057068
0.9995126724243164
0.9998875856399536
0.9999964237213135
0.9999709725379944
0.9999749660491943
0.999987781047821
0.9999990463256836
0.9999403953552246
0.9999970197677612
0.9999308586120605
0.9988066554069519
0.9999972581863403
0.9999964833259583
0.9999605417251587
0.9998278021812439
0.9999263882637024
0.9999986290931702
0.9999868273735046
0.9999958276748657
0.9999992251396179
0.999992311000824
0.9999542236328125
0.9999136328697205
0.9999959468841553
0.9999976754188538
0.9999894499778748
0.9999001026153564
0.9999855756759644
0.999984860420227
0.9999599456787109
0.9999971389770508
0.9999978542327881
0.9998049736022949
0.9999924302101135
0.9999966621398926
0.9999582171440125
0.9999929070472717
0.9999509453773499
0.9997260570526123
0.9999594688415527
0.9999975562095642
0.9999952912330627
0.9999688863754272
0.9999956488609314
0.9999948143959045
0.9999573826789856
0.9999995231628418
0.9999567270278931
0.9999993443489075
0.9999069571495056
0.9999955296516418
0.9999915957450867
0.999999463558197
0.9999985694885254
0.9999958872795105
0.9999878406524658
0.9999712109565735
0.9996381998062134
0.9999952912330627
0.9998800754547119
0.999998927116394
0.9999971389770508
0.9999948740005493
0.9999740123748779
0.9999908804893494
0.9999970197677612
0.9999970197677612
0.9999963641166687
0.9999977946281433
0.9999975562095642
0.999987781047821
0.9999865889549255
0.9999971389770508
0.9999970197677612
0.9999751448631287
0.9999985098838806
0.9999827146530151
0.9999972581863403
0.999997079372406
0.9999018311500549
0.9999750852584839
0.9999980926513672
0.9999951124191284
0.9999871850013733
0.9998754262924194
0.999997079372406
0.9999975562095642
0.9999942183494568
0.9999979138374329
0.9996038675308228
0.9999638795852661
0.9999985098838806
0.9999974370002747
0.999989926815033
0.9999906420707703
0.9999963641166687
0.9999977350234985
0.9999978542327881
0.999999463558197
0.9999244809150696
0.9998828172683716
0.99998539686203
0.9999281764030457
0.9999958276748657
0.9999430179595947
0.999995768070221
0.9999962449073792
0.9999836683273315
0.9999850988388062
0.9999985694885254
0.999995768070221
0.9998534917831421
0.9999970197677612
0.999998152256012
0.9999889135360718
0.9999992251396179
0.9999973773956299
0.9999973773956299
0.9999918341636658
0.9999914765357971
0.9999657273292542
0.9999455213546753
0.9999980926513672
0.9999980926513672
0.9999979138374329
0.999999463558197
0.9999987483024597
0.9999916553497314
0.9999974966049194
0.9999985098838806
0.999875009059906
0.9999939203262329
0.9999749064445496
0.9999801516532898
0.9999861717224121
0.9999956488609314
0.9999380707740784
0.9999979138374329
0.9999989867210388
0.9999997019767761
0.9999962449073792
0.999997615814209
0.9999088644981384
0.9999973177909851
0.9999339580535889
0.9999968409538269
0.9999914765357971
0.9999971985816956
0.9999982118606567
0.9999384880065918
0.9999982714653015
0.9999591708183289
0.9999988079071045
0.9999964833259583
0.9999804496765137
0.9999962449073792
0.9999993443489075
0.9998564124107361
0.9999982714653015
0.9999537467956543
0.9999972581863403
0.999994695186615
0.9999990463256836
0.9999685287475586
0.9999921321868896
0.999792218208313
0.9999256730079651
0.9999979734420776
0.999997615814209
0.9999842047691345
0.9999986886978149
0.9999834895133972
0.9999648928642273
0.9999756217002869
0.9995086193084717
0.9999235272407532
0.9997965097427368
0.9999982118606567
0.9999811053276062
0.9999627470970154
0.9952348470687866
0.9999917149543762
0.9999952912330627
0.9999976754188538
0.9999954104423523
0.9999961853027344
0.9999991655349731
0.9997141361236572
0.9999945163726807
0.9999986290931702
0.9999983310699463
0.9999616742134094
0.9999996423721313
0.999983012676239
0.9999983310699463
0.9999959468841553
0.9999948740005493
0.999998152256012
0.9999980330467224
0.999847412109375
0.9999754428863525
0.9998199343681335
0.9999969005584717
0.9999963641166687
0.9999169111251831
0.9999930262565613
0.9999386072158813
0.9999957084655762
0.9999858140945435
0.999990701675415
0.9999866485595703
0.9999924898147583
0.9999995231628418
0.9999996423721313
0.9999834895133972
0.999999463558197
0.9999810457229614
0.9999513626098633
0.9999939799308777
0.9999983906745911
0.9999861121177673
0.9999426007270813
0.9999967813491821
0.9999992251396179
0.9999985098838806
0.9999986886978149
0.9999724626541138
0.9999992251396179
0.999990701675415
0.9986047148704529
0.9999930262565613
0.9998693466186523
0.9999980926513672
0.9998728632926941
0.9999732375144958
0.9998871088027954
0.9999900460243225
0.9999980330467224
0.9998770356178284
0.9999934434890747
0.9999257326126099
0.9999806880950928
0.9999922513961792
0.9999989867210388
0.9999573230743408
0.9999980926513672
0.9999561905860901
0.9999926090240479
0.9999833106994629
0.999999463558197
0.9999980926513672
0.999941885471344
0.999943196773529
0.9999946355819702
0.9999743103981018
0.9999877214431763
0.9999266266822815
0.9999923706054688
0.9999982118606567
0.9999985098838806
0.9999693036079407
0.9999790191650391
0.9999972581863403
0.9999994039535522
0.9999957084655762
0.999824583530426
0.9999924302101135
0.9999991059303284
0.9999807476997375
0.9999930262565613
0.9999985694885254
0.999991238117218
0.9999485611915588
0.9999756217002869
0.9999988675117493
0.9999951720237732
0.9998850226402283
0.9999898672103882
0.9999856352806091
0.9999966621398926
0.9999853372573853
0.9999962449073792
0.9999535083770752
0.99994957447052
0.9999771118164062
0.9992319941520691
0.9998481869697571
0.9999955296516418
0.9999975562095642
0.9999992847442627
0.9999995827674866
0.9999957084655762
0.9998071193695068
0.9999968409538269
0.9999984502792358
0.9998090267181396
0.9999967813491821
0.9999778270721436
0.9999822974205017
0.9972302913665771
0.9999992251396179
0.9999792575836182
0.14416801929473877
0.9999803304672241
0.9999108910560608
0.9999983906745911
0.9999972581863403
0.999945342540741
0.9999878406524658
0.012966055423021317
0.9999825358390808
0.9999989867210388
0.9999975562095642
0.9998043179512024
0.9999966621398926
0.999998927116394
0.9999995827674866
0.9999979138374329
0.999984860420227
0.9999964237213135
0.9999505877494812
0.9999781250953674
0.9999998211860657
0.9999990463256836
0.9999932646751404
0.9989051818847656
0.9999881982803345
0.999976634979248
0.9999970197677612
0.9999619126319885
0.9999685287475586
0.9999930262565613
0.9999684691429138
0.9998928904533386
0.9999374151229858
0.9999976754188538
0.9998883008956909
0.999996542930603
0.9999669790267944
0.9999945163726807
0.9999988079071045
0.9999681115150452
0.9999364018440247
0.9999995827674866
0.9999889135360718
0.9993998408317566
0.9999991059303284
0.9999991655349731
0.9999996423721313
0.9999996423721313
0.9999915361404419
0.9999848008155823
0.9999992847442627
0.9997767210006714
0.0010979893850162625
0.999785840511322
0.9999909400939941
0.9998756647109985
0.9999291300773621
0.999997615814209
0.9999980926513672
0.9999548196792603
0.003290021326392889
0.9999994039535522
0.9999717473983765
0.9999898076057434
0.9999960064888
0.9999969601631165
0.9999207258224487
0.9999925494194031
0.999997615814209
0.9999998807907104
0.9999812245368958
0.09328170120716095
0.9999777674674988
0.9999944567680359
0.9999927282333374
0.9989924430847168
0.9999749660491943
0.9999752044677734
0.9999619722366333
0.9998530149459839
0.9999741911888123
0.9999986290931702
0.999990701675415
0.9999904036521912
0.9999865293502808
0.999875545501709
0.9999662041664124
0.9998142123222351
0.9999901652336121
0.9999948740005493
0.9999814033508301
0.9999051094055176
0.9999985098838806
0.9999926090240479
0.9998207092285156
0.9999989867210388
0.999993085861206
0.9999989867210388
0.9999627470970154
0.9999226331710815
0.9999904632568359
0.999994158744812
0.9999996423721313
0.9999960660934448
0.9998794794082642
0.9999927878379822
0.9999513030052185
0.9999992251396179
0.9999956488609314
0.12367106974124908
0.9999776482582092
0.9999540448188782
0.9999817609786987
0.9998008608818054
0.9998948574066162
0.9999590516090393
0.009429432451725006
0.9999386668205261
0.9994238615036011
0.9999992847442627
0.9999971985816956
0.9993820786476135
0.9999997019767761
0.9993489384651184
0.9999969005584717
0.99992835521698
0.999995768070221
0.9999998807907104
0.9999837875366211
0.9999765157699585
0.999953031539917
0.9998457431793213
0.9999344348907471
0.999998152256012
0.9996950030326843
0.9999904036521912
0.9999874830245972
0.9999072551727295
0.9999985694885254
0.9999967217445374
0.999948263168335
0.9998288154602051
0.9999994039535522
0.9999999403953552
0.9999947547912598
0.9999977946281433
0.9999473690986633
0.999992847442627
0.9999695420265198
0.9999945163726807
0.9999901056289673
0.9999912977218628
0.9999681115150452
0.9999293684959412
0.9999889135360718
0.9999769330024719
0.9999709129333496
0.999976396560669
0.9999896287918091
0.9999964833259583
0.9999657869338989
0.9999983906745911
0.9998664259910583
0.9999598860740662
0.9996099472045898
0.9999943375587463
0.9999999403953552
0.9999810457229614
0.9999904632568359
0.9999815225601196
0.9999247193336487
0.9999991059303284
0.999946117401123
0.9999819397926331
0.9999921917915344
0.9999491572380066
0.9999994039535522
0.9999721646308899
0.9999853372573853
0.9999504685401917
0.9999931454658508
0.9999919533729553
0.9999988675117493
0.9999861121177673
0.9999582171440125
0.13545113801956177
0.9999511241912842
0.9999747276306152
0.9999405145645142
0.999920129776001
0.9999813437461853
0.9999958276748657
0.9999120235443115
0.9999955892562866
0.9999410510063171
0.9999986290931702
0.9999921917915344
0.9999735355377197
0.9999617338180542
0.9998205900192261
0.9999973177909851
0.9999866485595703
0.9999887943267822
0.9999990463256836
0.999994695186615
0.9999861717224121
0.9999886751174927
0.9998171329498291
0.9999984502792358
0.9999845623970032
0.9999927878379822
0.9997225403785706
0.9999913573265076
0.9999995827674866
0.9999532103538513
0.9999891519546509
0.9999980330467224
0.9999995231628418
0.99997878074646
0.9999672770500183
0.999983012676239
0.9999881386756897
0.9999863505363464
0.9999961256980896
0.9999998211860657
0.9998673796653748
0.9985265135765076
0.9999741911888123
0.9999954700469971
0.9999961256980896
0.9999940991401672
0.999991238117218
0.9999980330467224
0.9999986886978149
0.9999092817306519
0.9988516569137573
0.9999817609786987
0.9999983906745911
0.9999961256980896
0.9999909996986389
0.9998345375061035
0.9999902248382568
0.9999793767929077
0.9999932050704956
0.9999880194664001
0.9999963641166687
0.9999408721923828
0.9999657273292542
0.9999120831489563
0.9998480081558228
0.9999871253967285
0.9999895691871643
0.9999927282333374
0.9999974370002747
0.9999921917915344
0.999992847442627
0.999984860420227
0.9999925494194031
0.9999136924743652
0.9999542832374573
0.9999649524688721
0.9999486804008484
0.9999995827674866
0.9999964833259583
0.9999963045120239
0.9999302625656128
0.999916672706604
0.9999966025352478
0.9999998807907104
0.9999709129333496
0.999977171421051
0.9999992251396179
0.9999127388000488
0.9999452829360962
0.9999935626983643
0.9999921321868896
0.999995231628418
0.9999977350234985
0.999996542930603
0.9999945759773254
0.9999994039535522
0.9999960660934448
0.9999998211860657
0.9999940991401672
0.9999975562095642
0.999974250793457
0.999764621257782
0.9999918341636658
0.9999738335609436
0.9999940395355225
0.035655196756124496
0.9999961256980896
0.9999681115150452
0.9999935626983643
0.9999932050704956
0.9999727010726929
0.9999903440475464
0.9999990463256836
0.9999333620071411
0.9999995231628418
0.9999982118606567
0.9999379515647888
0.9999850392341614
0.9999995827674866
0.9999857544898987
0.9999586939811707
0.9999966621398926
0.9999391436576843
0.9999799728393555
0.9999876618385315
0.9999993443489075
0.9999943971633911
0.9999791383743286
0.9999972581863403
0.9995124340057373
0.9999909400939941
0.9999642968177795
0.9999120235443115
0.9999841451644897
0.9999774098396301
0.9999951124191284
0.9999948740005493
0.9999999403953552
0.15615853667259216
0.9999980330467224
0.9999993443489075
0.9999998807907104
0.9997917413711548
0.9999998807907104
0.9999995827674866
0.9999998807907104
0.9999305009841919
0.9999932050704956
0.9999349117279053
0.9999405741691589
0.9998294711112976
0.9999513626098633
0.9999842643737793
0.9999913573265076
0.9999428987503052
0.9999996423721313
0.9999420642852783
0.02255694754421711
0.9999961853027344
0.9999952912330627
0.9998388290405273
0.9999997615814209
0.9999889731407166
0.9999975562095642
0.9999997615814209
0.999790370464325
0.9999988079071045
0.9999972581863403
0.9999976754188538
0.999999463558197
0.9999936819076538
0.9999885559082031
0.9999979138374329
0.999999463558197
0.9999999403953552
0.9999961256980896
0.9999814629554749
0.9999902844429016
0.9999804496765137
0.9999901652336121
0.9999973773956299
0.9999966025352478
0.9999338388442993
0.9999935030937195
0.9999985098838806
0.9999799132347107
0.9999956488609314
0.9999890923500061
0.9999998807907104
0.9999974966049194
1.0
0.9999951124191284
0.9999934434890747
0.9999997615814209
0.9999913573265076
0.9999865889549255
0.9999983906745911
0.9999328255653381
0.9999998807907104
0.999989926815033
0.9998817443847656
0.999990701675415
0.9999945759773254
2.8307069442234933E-4
0.9999994039535522
0.9999986886978149
0.9999995231628418
1.0
0.9999752044677734
0.9999351501464844
0.9999998211860657
0.9999805688858032
0.9999940991401672
0.9999989867210388
1.2553237320389599E-4
0.9999983906745911
0.9999984502792358
0.9999931454658508
0.9999997019767761
0.9999984502792358
0.9998809099197388
0.9999999403953552
1.0
0.999995768070221
0.9999996423721313
9.136051521636546E-4
0.9999852776527405
0.9999318718910217
0.999998152256012
0.999998152256012
0.9999516010284424
0.9999976754188538
0.9999950528144836
0.9999999403953552
0.9999979734420776
0.999998927116394
0.9999999403953552
3.929055528715253E-4
1.0
0.9999920725822449
0.9999987483024597
0.9999963641166687
0.9999997615814209
0.9999992251396179
0.9999198317527771
0.9999969601631165
0.9999973773956299
0.9999996423721313
0.9999995231628418
0.020411062985658646
0.9999949932098389
0.9999998211860657
0.9999933242797852
0.999998152256012
0.9999998211860657
0.9999997019767761
0.9999975562095642
0.9999997019767761
0.9999993443489075
1.0
0.999877393245697
0.0017421247903257608
1.0
5.695234867744148E-4
0.9999991655349731
0.9999998807907104
0.9999880790710449
0.9999971985816956
0.9999745488166809
0.9999996423721313
0.9999997615814209
1.0
0.9999988675117493
0.9999997019767761
1.0
0.9999998211860657
0.9999998807907104
0.9999998211860657
0.9999999403953552
0.9999992847442627
0.9999999403953552
0.9999987483024597
0.9999999403953552
0.9999991655349731
0.9999997615814209
0.9999998211860657
1.0
0.9999998807907104
0.9999998211860657
0.9999997615814209
0.9999999403953552
1.0
0.9999996423721313
0.9999997019767761
1.0
0.9999998211860657
0.9999995827674866
1.0
0.9999999403953552
0.9999999403953552
0.999999463558197
1.0
0.9999999403953552
0.9999998807907104
0.9999907612800598
0.9999998807907104
0.9999999403953552
0.9999926686286926
1.0
1.0
1.0
1.0
1.0
0.9999999403953552
0.9999997615814209
0.9999370574951172
0.9999995231628418
0.99994295835495
1.0
1.0
0.9999999403953552
0.9999999403953552
1.0
1.0
0.9999999403953552
1.0
0.9999982118606567
1.0
1.0
0.9999999403953552
1.0
1.0
1.0
1.0
