Aromatic hydrocarbons
1.1339279382127643E-7
1.8321095751616667E-7
4.149070718995063E-6
2.0368968733919246E-8
3.869151665725212E-9
6.977165867283475E-8
8.771993975642545E-7
2.080101495494091E-7
9.087717245392923E-9
5.821311077625069E-8
1.2024601119264844E-6
1.389196313539287E-6
9.465410585107747E-6
1.1051644150938955E-6
5.898656354474952E-7
7.257384737613393E-8
1.432393332834181E-6
2.2635299856688107E-8
4.93979470661543E-8
1.7756079842001782E-6
1.7605204050141765E-7
3.930883849534439E-6
1.3381475127971498E-6
7.184089412248795E-8
5.198038479647948E-7
4.874947990174405E-6
1.8434299420277966E-8
1.0246292276860913E-6
5.8664443969291824E-8
1.2690492212641402E-8
5.752223586341643E-9
2.980546867092926E-7
1.0909550951510028E-7
1.5228625471763735E-8
7.583906835861853E-8
3.0551705094694626E-6
9.698527492219E-8
1.2446156461010105E-7
4.309820269554621E-6
5.931979529805176E-8
1.4049261380932876E-6
4.903644139631069E-7
5.601404140520572E-8
6.063604018891056E-7
3.0963218478063936E-7
6.70145709591452E-7
5.878675437998027E-6
5.99425902692019E-7
1.1021501045149762E-8
6.330897122097667E-7
2.0772342850250425E-6
6.663792646577349E-6
2.2244978481467115E-6
2.3218840183858447E-8
9.173742796519946E-7
4.955960974939444E-8
6.023427090440236E-7
2.146124415958184E-6
3.5052428302151384E-6
2.731391646193515E-8
8.687906927207223E-8
4.232937556025718E-9
6.166951038721891E-7
2.028690232691588E-6
9.62543538207683E-8
1.1231451253479463E-6
2.9608006002490583E-7
6.456194114434766E-6
1.1306192391202785E-6
4.235276946928934E-7
5.7713130274805735E-8
5.31464957020944E-6
1.8519720015319763E-6
2.7937927526977546E-8
1.603532417959741E-8
3.5917370411198135E-8
9.60311652420387E-8
1.2310468378018413E-7
3.616040942233667E-7
9.343765441371943E-7
7.612425179104321E-6
3.87846694138716E-6
1.279115508623363E-6
1.1528316967712726E-8
1.3427145617583847E-8
4.41850716015324E-8
2.3670583686907776E-5
1.811072706914274E-6
2.084375410049688E-6
5.06795629462431E-7
2.1379052839165524E-7
2.793756834762462E-7
1.664892579356092E-6
3.7981203604431357E-7
2.582972001619055E-6
1.1704898161823962E-9
2.7391036994117712E-8
2.7592188089897718E-8
2.4709741808237595E-8
7.071518837165058E-8
6.152955620564171E-7
4.187569402347435E-8
6.040027074050158E-7
6.877892699819199E-11
1.7640664395912609E-7
2.93313905785908E-6
8.987981345853768E-6
4.417248344878999E-9
1.1450898682596744E-6
2.3350647637698785E-8
5.414216843746544E-7
7.251959033283129E-10
2.1233450553381772E-8
6.519832140838844E-7
6.9893157927936045E-9
6.169029287406147E-9
1.3388666175728758E-8
2.645507102272404E-8
4.0550118818316605E-9
8.969236660050228E-6
6.186208167946461E-8
5.099900501903676E-9
2.0861965488450096E-9
8.36567869555438E-6
1.1325553259666776E-6
6.672830465959123E-8
1.951064731997576E-8
1.1217990980583181E-8
8.605377388448687E-8
9.008514098240994E-6
2.797431477574719E-7
1.8562388140708208E-4
1.1298570825601928E-6
5.112725034450705E-7
2.6705811251304112E-6
1.906166424703315E-8
8.56973070284539E-9
4.597096747716023E-8
1.2577272627822822E-6
1.9639333004306536E-6
4.188040580999086E-9
3.1956230372998107E-7
1.0277163937644218E-6
9.78931439021835E-7
1.1188888748847603E-7
1.1255509662078111E-6
8.411719250034366E-7
5.825203288623015E-7
8.457630542579864E-7
1.5168324352998752E-5
1.0688927432056516E-6
6.898416060607815E-9
5.712260886525655E-9
6.45143138910953E-9
9.093732877829552E-9
3.347865060732147E-7
1.799326810214552E-6
1.845273800427094E-6
1.3242728691409411E-8
2.6621544293448096E-6
1.4675126891461332E-8
1.2211726243549492E-6
1.2679178595931262E-8
5.6275866882060654E-6
7.016731160547351E-7
6.97445216246706E-7
1.164275165166373E-8
8.69229133115823E-9
6.939128070371225E-5
3.221373390260851E-8
8.904794235320423E-9
2.333422344236169E-6
1.403020064572047E-6
2.506822305292644E-8
2.9450211513903923E-5
3.530876256263582E-6
1.0098950042447541E-5
1.5647181328404258E-7
8.374500737318158E-8
8.703482379246452E-10
3.977277174271876E-7
1.7798147382563911E-6
1.144223649163223E-8
0.005571388173848391
3.282475846688726E-9
1.7552730469105882E-7
6.769864739908371E-7
0.006471897475421429
5.798974100912346E-8
6.637044862145558E-5
7.181835826486349E-6
1.538121978228446E-6
8.38431105876225E-7
1.397205551256775E-6
1.469369408368948E-6
1.2131122772984781E-8
8.309736472256191E-7
1.648475134174987E-8
1.2657910986035859E-7
7.787413665027998E-7
1.0302635189418652E-8
6.235379260033369E-5
9.542095540382434E-7
2.837498902508173E-9
6.065501452212629E-7
2.141829781976412E-6
9.6036374088726E-6
5.593699281547515E-9
3.818006462097401E-6
8.620984772278462E-6
1.655627215768618E-6
5.983398295938969E-6
1.7109764993694654E-10
0.002727895975112915
5.718118867292787E-9
6.833376975379224E-9
2.1256003890357533E-7
7.837467137505882E-7
2.3456067310689832E-8
2.9023057734889335E-8
1.2866022416346823E-6
2.246799795102561E-7
1.8637348375705187E-6
1.1156752179886098E-6
1.2662085282499902E-6
4.557002284855116E-6
2.0381650756462477E-5
7.87801241131092E-7
7.023938319861145E-9
7.839349223104364E-7
3.864683861820595E-8
0.0051203034818172455
1.314399705734104E-4
1.3205252002990164E-8
1.9016367787116906E-6
4.973427891741267E-9
1.2412208889145404E-5
2.673162668997975E-7
4.2234717945177636E-9
5.908237199037103E-6
3.03054648043144E-8
5.753785892181895E-9
9.402859824092502E-9
4.21287893459521E-8
9.1802530022278E-9
2.598311255042063E-7
1.955281913978979E-4
8.729351179681544E-7
1.7496888915502495E-7
2.717331781809662E-8
9.136922017205507E-6
1.8768761833598546E-7
5.532329261370705E-9
4.2725729620940456E-9
7.527042988897392E-9
1.1994421583949588E-5
7.624106501680217E-8
1.1742155265892507E-6
1.9354570213181432E-6
3.9625192584935576E-5
3.1781373088790588E-9
2.1686430429213033E-8
9.076162399423993E-8
2.165952084354217E-9
2.1940959271660176E-8
4.403377662498542E-9
1.2054579556775025E-8
1.1439644787003544E-8
2.0245762399895284E-8
8.181925359451725E-9
4.083567617385597E-8
1.6712755268599722E-6
5.769271069766546E-7
2.112891337446854E-7
8.15082330518635E-7
5.276746151139378E-7
8.04768252038457E-9
2.4004327414672844E-8
1.5809384876774857E-6
4.328541081122239E-8
4.885219368588878E-6
6.449466309277341E-5
1.2719718824882875E-6
2.1646389996021753E-6
1.2325322096273794E-8
2.495419539627619E-5
5.705979901904357E-7
3.1676392620028082E-9
3.8812734419479966E-4
7.849865255593613E-7
2.921419195445196E-7
1.5897942517995034E-8
5.310737183350511E-9
4.2355091522949806E-7
8.894176062312908E-8
6.3291372143226E-9
1.820844045141712E-5
3.910046508792675E-9
1.7128277818301285E-7
6.616210448555648E-4
5.958556981155994E-10
1.2378072788976624E-8
7.770176307531074E-5
3.5785567433777032E-6
8.283024044430931E-8
1.7225342929805265E-8
3.453037891176791E-7
3.3371733820786176E-8
4.9580135055293795E-6
3.1843783165896866E-9
1.3848358548784745E-7
4.6855933533151983E-7
3.59071705702263E-8
4.698471056663323E-10
8.73528824740788E-6
1.3504661637853133E-6
7.011742582108127E-7
1.0405368584542884E-6
4.03626465583784E-9
7.499926901743947E-9
4.977520973170613E-8
3.2538053346797824E-5
5.714938993151009E-7
1.3546829435995278E-8
2.8958154985048168E-8
1.3136422012394178E-6
9.110410246648826E-6
5.108603318149108E-7
3.074280741088842E-8
7.558319303768712E-9
8.188850983970042E-7
3.371342316427217E-8
2.2185766557214492E-9
4.589873814353496E-9
6.87064982685115E-7
2.8255642270380577E-9
5.776298621640308E-7
3.161766404247146E-9
1.2827817386096285E-7
3.79162895525198E-10
1.8621938124852022E-6
1.0097852509716176E-6
2.9001876455936326E-8
2.3241509552462958E-6
1.349655942561867E-9
2.443365190174518E-7
2.28003082156647E-5
1.4793879010710498E-8
1.5765337479933805E-8
2.255718500876469E-9
2.9278361957096877E-9
7.983462069205416E-8
1.1401582924008835E-5
8.380524377571419E-6
4.355850347081969E-9
4.573799561313763E-9
3.7200283742322426E-8
3.9978274912755296E-7
2.831959591276245E-7
1.5047120882627496E-8
1.2652540704038984E-7
3.4765963441429903E-9
5.021353217671276E-7
7.82900951890042E-6
5.879030140931718E-5
1.7939281349299563E-7
5.65523139428592E-9
2.376561525352372E-8
3.801451384788379E-7
8.570754062020569E-8
6.893431159227248E-9
8.111863962767529E-7
5.523734671442071E-6
1.3108689689289577E-9
2.162577894537776E-9
7.866375995035924E-9
4.680016818525701E-9
3.5757010685699697E-9
1.1553365375505109E-8
2.524888316202123E-7
1.888789036286198E-8
1.7002584229430795E-7
2.5306956530357638E-8
3.910976829502033E-6
9.144673907002243E-10
1.8953759450823782E-8
4.042707502094345E-9
2.3098511992003523E-9
5.741749475873803E-8
8.620827607330739E-9
1.538190446126464E-7
4.016077218693681E-5
9.20058823794534E-7
6.0061488511564676E-6
2.964975180930196E-7
2.0691117242677137E-5
1.8857191719234834E-7
5.058902388554998E-5
5.714531514655619E-9
1.1008142175583657E-9
2.9548871793849685E-8
1.392803916644425E-8
3.136273907244913E-9
4.615246496086911E-7
9.769100870471448E-7
4.237718371769006E-7
1.323404887898505E-7
1.009808784147026E-6
1.2039810826536268E-5
1.023980971126548E-7
7.962960069107794E-8
3.4801741488621474E-9
3.5838438883217805E-9
6.1984626320565894E-9
3.0978570819684137E-9
2.7939108804275747E-9
5.141505607753061E-5
3.2900988600204073E-9
9.922143107132797E-9
6.215652774699265E-7
6.193538138177246E-5
1.595844900670329E-9
5.06075075179524E-8
1.165472127695466E-7
1.2055994375259615E-5
1.7209477176649557E-9
4.0638736820142185E-9
1.6139987124574873E-8
7.032974647103174E-9
6.109780770202633E-7
5.988935458667299E-10
1.741160104984374E-8
2.6927411411747926E-9
7.309598117899441E-7
2.2055983208701946E-6
2.107768295900314E-6
4.2327758364990586E-7
3.1712641401782093E-9
4.9572090432548066E-8
3.312085716800084E-9
1.5290079318219796E-6
7.038263305503278E-9
1.3779746950604022E-5
2.9328217351576313E-5
1.4581033610738814E-5
1.8205091600886902E-10
6.495360139524564E-5
3.2826530382834562E-9
5.407797289080918E-5
9.070371675967692E-10
8.363821507373359E-6
1.2326208498336655E-8
4.9079671953222714E-6
4.427751321145479E-7
5.729343683924526E-5
8.944272877897674E-9
4.043129386843702E-9
3.6127927316442765E-9
6.534754248832542E-8
2.028138101906052E-9
8.354015790246194E-8
1.9339854588906746E-6
1.0016423766501248E-4
0.0037050822284072638
1.7904060314322123E-6
6.456684218392184E-7
5.031172918279481E-7
3.263206599513069E-5
1.262461751139199E-6
0.002527149859815836
8.745588786496228E-8
2.0978424799977802E-5
3.310323348770794E-9
4.1508148569846526E-5
1.2790366543669052E-9
1.7342062230696342E-9
3.6216254102328094E-6
1.9468011203116475E-7
2.973226571612031E-7
4.0255949684819825E-9
8.049418909195083E-9
7.506578469929082E-9
1.1343611276970478E-6
2.3733308651685547E-9
4.986817657481879E-6
9.313813364997259E-8
2.966463963360866E-9
1.538386840138628E-7
3.7592052137824794E-8
8.763614833817712E-10
6.304103017384932E-9
7.371994570348761E-7
5.9984427025483456E-6
8.645315574540291E-8
6.401755672413856E-5
1.660328763364305E-9
5.116071455368854E-10
6.806091246147616E-9
5.100675437574864E-8
1.1410563456593081E-4
2.300317714087896E-9
3.421478709242365E-7
3.2676763517258678E-9
2.6220072868454736E-6
2.597123284431291E-6
2.0909304510041693E-8
5.391370017093777E-9
6.202371878316626E-7
2.8947197971973537E-9
1.92692112932491E-7
7.1161271080200095E-6
1.004674260451921E-10
3.9862646517008216E-9
4.5207178800410475E-7
2.299460959420685E-7
6.897864501809181E-10
1.0568066421967615E-8
1.1529893527040258E-5
6.37478979115258E-6
1.430143559133512E-9
1.5589579049901658E-7
8.013602226242256E-9
2.0772851712536067E-4
2.2172160640820948E-7
3.3477795113867614E-6
3.3261771115178362E-9
1.1373400639058673E-6
1.7083081047530868E-6
7.066734610816638E-7
3.545225890633219E-9
2.1249556084512733E-5
7.111944366755552E-10
2.798171827578244E-8
1.1867577853763578E-7
5.783920897783901E-9
9.141247574007139E-5
2.1818065931711317E-7
9.193494299175597E-10
2.7038060679274167E-8
2.5751296561793424E-6
1.0605646139083547E-8
7.825706660469223E-8
1.8671983070817078E-6
2.7350308755558217E-6
1.7028347087943985E-7
7.533516281910124E-7
1.406973471063111E-8
7.124084433485223E-9
2.5385805457744937E-8
3.6431788430490997E-7
9.523239441477926E-8
3.8763694476529054E-8
8.644828994874842E-6
1.544633754235747E-8
7.912618457339704E-6
3.7352419894887134E-5
1.1379306386061216E-8
1.4064364677324193E-6
3.836753137420601E-7
1.8674604085333613E-9
3.289156302344054E-5
2.9351265862231912E-9
2.1106827261974104E-5
3.0923583693720502E-9
2.2870852262713015E-5
3.869681677315384E-4
4.7694680688437074E-5
2.6316977255191887E-6
1.4429288319739442E-10
1.5598553204654309E-7
9.571016335030436E-8
1.0015147609010455E-6
1.2160881190936834E-9
1.4375419965517722E-8
0.0036870266776531935
0.001441917847841978
4.123532198718749E-5
1.8998461137620382E-10
2.7027975413318472E-9
2.417818905087188E-7
5.5029357071134655E-8
2.6658327101358736E-7
2.5078009113777E-10
2.2557647753274068E-5
2.8168713583909266E-8
9.262214994976148E-9
5.1816823543049395E-6
1.8013433589203487E-7
0.019399916753172874
1.2761007806005864E-9
2.3844179963816714E-7
0.9629397988319397
9.070640203390212E-7
3.394799819034233E-8
4.7553725401883185E-9
6.174030318106816E-7
2.780953946057707E-5
1.257107982155503E-7
0.024663008749485016
2.7968988433713093E-5
6.3287675100554E-10
1.3668428611168792E-9
2.4428715050817118E-8
1.1695154711333089E-7
3.841877482813061E-9
1.2949620931124173E-8
5.246204359821149E-9
1.297388418919354E-8
1.3336525626073126E-5
8.769715122980415E-7
5.1219312808825634E-6
2.9236746357241827E-9
5.489845467110399E-9
7.037041171997771E-8
5.006024927922681E-9
3.2353697498876954E-10
5.4633601394016296E-5
6.008437480886641E-8
1.0242093395618213E-7
1.160314423032105E-4
1.3481859241437633E-5
6.3229540501197334E-6
5.7322772590850946E-6
1.212501160807733E-6
3.984906271625732E-8
2.9636006729560904E-5
3.373936579009751E-7
3.080127042309755E-9
1.6906053133425303E-5
9.445275281905197E-7
2.7161659090779722E-5
4.972684546373785E-4
7.56381957067731E-10
1.98395056827394E-7
0.0021120207384228706
2.1054198384717893E-7
1.0632921885189717E-6
1.0909413816762026E-7
3.3118476711058165E-11
7.78164633175038E-7
3.3740306548679655E-7
2.9135641121946776E-10
5.363815489545232E-6
1.0297387780155987E-4
6.6889711547446495E-9
7.374041160801426E-5
9.133291314356029E-6
3.817987162619829E-4
7.589323613998999E-10
1.1968399604711522E-8
1.1357530456734821E-4
0.0640779659152031
4.392365227090522E-8
4.448348818186787E-7
1.773266376403626E-5
1.333958277172087E-9
1.632038930665658E-7
2.1266637340033867E-9
1.7275393338067602E-9
5.154799964657286E-8
6.64244714787543E-10
1.5815641063454677E-6
0.9809888005256653
5.552358288696269E-7
4.498587884427252E-7
1.1115556117147207E-4
0.005621066316962242
9.603168109606486E-7
2.6031663491465906E-9
1.9139045903671104E-8
7.193481366130072E-9
3.525612157773139E-7
5.993477429910854E-7
4.597141742124222E-5
1.2785316357621923E-5
3.418469350435771E-5
5.198317230679095E-4
8.062318102020072E-8
1.1903524864464998E-5
1.4552208085660823E-5
2.0940065237340377E-9
1.0737679634331698E-9
4.903741064481437E-4
2.5216540961991996E-6
1.2582022463902831E-6
2.9257398637128063E-5
7.181570538250526E-8
4.818421075469814E-7
2.2333024318754724E-9
5.543271545320749E-4
8.820798313990963E-8
3.2182479117182083E-6
5.248143679636996E-6
1.1254793008674824E-7
1.265555854557121E-10
1.602454346993909E-8
3.9748249491822207E-7
8.424236597193158E-8
1.855599052191792E-8
5.300605440683448E-11
0.9795167446136475
3.771767467242171E-7
1.2814925867132843E-6
5.060396546241464E-10
2.106514216393407E-7
4.277944753994234E-7
5.761765060015023E-4
0.1362142562866211
2.9898653792770347E-6
8.564141353417654E-6
3.64530361451898E-9
3.627248588600196E-5
0.002757589565590024
1.9950049079398013E-7
1.0612428713585587E-9
5.882096047571395E-6
3.439669171712012E-6
9.618289595891838E-7
4.147771903717512E-9
1.375840270156914E-6
1.3039448276686016E-6
8.70893757110025E-9
3.041196237063559E-7
1.4186149144279625E-7
1.3193233826314099E-5
4.891530238637642E-7
8.539506779925432E-6
9.435464909390845E-11
1.4858140673368325E-7
1.8394490325590596E-5
2.694831302552103E-10
1.8350539221501094E-7
0.0020320022013038397
1.3591736092166684E-7
3.5228978845225356E-8
9.993119647333515E-7
9.971086711857424E-8
1.9229591998737305E-5
3.5225365735414016E-8
1.0900999996010796E-6
2.7632324872683967E-7
3.517403257546903E-8
1.2000225524388952E-6
3.287259175976942E-7
8.917574305087328E-4
3.698324462675373E-6
1.308787177549675E-4
6.82480049363221E-7
3.3904581187016447E-7
1.308979221903428E-6
2.204696102126036E-6
3.441356568600895E-7
6.986230260963566E-8
3.1124462839215994E-4
5.723867616325151E-6
5.322464744494937E-7
4.61588349764952E-8
1.726905338728102E-7
1.5502600092531793E-8
3.3624408388277516E-5
1.7322094208793715E-5
1.2383751709421631E-5
6.267898700063057E-11
2.2997186533757485E-5
1.2732719767427625E-7
7.72861167206429E-5
6.051603662626803E-8
1.2722491948835568E-9
2.089289523610205E-7
4.6509956064255675E-7
9.995662367145997E-6
7.708822522545233E-6
7.216547237476334E-5
2.455000753798231E-7
8.767759709371603E-7
5.632165266433731E-5
0.9792777895927429
2.048132155323401E-4
4.120523954043165E-6
1.3852383240475774E-8
1.4642742485193594E-7
1.5038366996122932E-7
6.7504370235838E-5
9.923864041638808E-8
3.41290547112294E-6
4.7266471665352583E-4
5.423020752459706E-7
3.1864690885896607E-9
1.0647939052432775E-4
9.464615118304209E-7
1.2628027434402611E-5
1.1234780686208978E-5
2.2994781634366745E-9
2.4313914764206856E-5
1.6685929949744605E-5
1.7036175137263854E-8
1.7346625099889934E-5
5.929102258050989E-7
3.634126915130764E-4
8.758588165846959E-8
2.1420984430697843E-10
2.947217035398353E-5
0.0021899286657571793
5.492034347298613E-7
2.6281983533937847E-11
1.1979238934145542E-7
1.4566201571142301E-5
2.863154158205816E-10
1.6115512835312984E-6
6.000911989545443E-10
4.10126581584791E-8
8.150707435561344E-5
4.710905614047078E-6
7.284850198630011E-7
1.7839112160800141E-6
2.542127841564934E-9
1.2040052865813777E-7
0.004395743366330862
3.7743327538919402E-6
3.4739811027861833E-10
4.825179757972364E-7
9.73066853475757E-5
1.492677693022415E-4
8.669947419548407E-6
6.457055974351533E-7
2.674967690836638E-4
1.4058408851269633E-5
3.889050503858016E-7
9.735861567605752E-6
1.0920554044391295E-10
3.72155882359948E-5
0.00216770195402205
1.8547500202359402E-9
3.093522973358631E-4
6.576217856490985E-5
5.118165518069873E-6
2.678619352991518E-7
7.857299699765008E-9
1.4161280705593526E-4
4.829307158615848E-7
5.265050276648253E-5
2.4189197311841326E-9
3.94877752114553E-5
6.074839120628894E-7
5.434512786450796E-6
5.651896935887635E-5
1.911800779907935E-7
1.9825359049718827E-4
1.1655182419190169E-7
9.014048032440769E-7
2.894919077789382E-7
6.183850587149209E-8
1.4411131269298494E-4
3.1490736684958165E-9
3.471565287327394E-5
4.998420990887098E-5
1.3586115699126822E-7
9.352523306915828E-7
4.222625027416882E-10
1.7335577418009507E-11
3.973675484303385E-4
4.832641934626736E-5
5.938922686965498E-9
5.321940407156944E-4
9.759246604517102E-4
2.9046961572021246E-5
7.686168368437052E-11
1.4037691009605169E-8
2.2452391931437887E-5
1.6092239718545898E-7
1.34932824948919E-5
8.682412953930907E-6
7.880797784309834E-5
7.183897423601593E-7
1.7617415859483287E-10
4.0755556256044656E-5
5.257945190351165E-7
0.0016360980225726962
1.6984586181933992E-7
2.6047185741617795E-8
9.250039875041693E-5
0.9394899010658264
4.135996277909726E-5
3.621267678681761E-4
5.6122247769962996E-5
4.994818709747051E-7
4.0054405303635576E-7
2.4193352146539837E-5
6.473014764196705E-6
2.712384448386729E-4
1.6742236766731367E-5
8.450697208672864E-8
7.357090944424272E-4
5.894394234928768E-6
4.8461728852089436E-8
6.846683390904218E-5
5.618658615276217E-4
8.667710062582046E-6
2.1665633539669216E-5
1.725529000395909E-4
6.311973265837878E-5
1.2024942153132656E-10
2.0778809073362936E-7
1.7048101290129125E-4
3.465720283202245E-6
1.0496960021555424E-4
3.0104434699751437E-5
3.4847305505536497E-4
4.582460387609899E-4
8.641227822181463E-8
1.0013299470301718E-4
1.230857915590633E-10
5.6369779485976323E-5
8.524115441277402E-11
0.9790714979171753
3.995482700247521E-8
3.327212061421392E-9
1.3434403589585031E-9
0.0032219889108091593
7.449623495858759E-8
5.027645784139168E-7
2.803449916655154E-8
1.3657124497967743E-7
2.1613799106035003E-7
6.676489283563569E-5
9.78242553628661E-8
6.033253157511353E-4
9.085290031407567E-8
2.994124370161444E-4
1.3067205145489424E-4
4.935426645147345E-8
9.447233423998114E-6
4.1546791908331215E-4
0.9951533079147339
3.907363134203479E-5
3.9727641706122085E-5
6.454314416259876E-8
3.3586353254122514E-8
3.4882494946941733E-4
3.243830724386498E-5
1.3280264388182417E-10
6.053072866052389E-4
3.019408438831306E-7
9.88343962227134E-10
1.4220042920953802E-9
1.2853455700678751E-5
1.654662482906133E-4
5.458831964233468E-8
2.0326817562477117E-8
9.498748454461747E-7
6.123753726328118E-10
3.5828707041218877E-6
1.3121140364091843E-4
3.3153334516100585E-4
6.415806410586811E-7
1.8607964739203453E-4
8.125710337480996E-6
4.214501586830011E-6
6.695282195323671E-8
4.994809614800033E-7
2.870510252250824E-5
5.7911562180379406E-5
4.1228498393053314E-10
1.7742763157002628E-4
5.001040553898051E-11
3.465331610641442E-5
1.0680045389732662E-11
3.176856262143701E-5
3.4273478377144784E-5
2.2747359253116883E-5
5.0291135700319956E-9
1.3708777260035276E-6
5.0825583457481116E-5
1.502266968600452E-5
2.419831091060587E-8
6.256599590415135E-5
2.1227544948487775E-6
6.671275332337245E-5
1.7198447110899906E-8
3.7181301740929484E-4
1.262283859659874E-7
7.874174229316466E-11
2.6750632969196886E-5
1.2160892952362001E-12
4.46304511569906E-6
1.2002911716990639E-5
1.5203591274826067E-8
4.6178727643564343E-4
3.397824741568911E-7
4.6662022214150056E-5
9.830545604927465E-5
3.958127763326047E-6
7.225432341328997E-7
4.067336703883484E-6
4.9042660066334065E-6
1.663121656747535E-5
4.950654783897335E-7
7.005704905083121E-10
1.7116244185877427E-11
4.7848177928244695E-5
3.138818283332512E-5
0.016233984380960464
2.655560535913537E-7
2.4342154958389983E-8
1.197404913000355E-7
1.291188982577296E-5
8.816208492135047E-7
2.1978937638778007E-6
2.3893959223642014E-5
3.6170472172969426E-10
3.6328558053355664E-5
5.854691607964924E-6
3.250970048718216E-10
0.007133027538657188
1.1766836637006062E-11
4.1475945522506663E-7
1.5061930753290653E-5
7.072480912029278E-7
7.400677191071736E-7
5.736736170547374E-7
1.3612159932563372E-7
2.5833740437519737E-5
1.7230826543368494E-8
7.451579908668293E-10
7.085763172653969E-6
0.9841383099555969
8.627316816500752E-8
6.144618055259343E-6
1.7553569264805446E-8
3.9379254303639755E-5
7.2095708674169146E-6
4.6191876208467875E-6
2.332183976250235E-5
1.2242988304933533E-5
1.2077958633227581E-9
2.4532627665441176E-11
1.1238656671963554E-9
0.03927811607718468
1.2197696845628325E-11
0.0027778889052569866
1.733750286803115E-5
5.563168542721542E-6
2.5862440452328883E-5
8.368998827279484E-9
0.0010603604605421424
5.205567958910251E-7
8.309646720716657E-11
1.0274449693814525E-11
1.3485544513969216E-5
9.728126315167174E-6
2.3107713076342407E-8
1.5701805011758552E-7
3.535751034178247E-7
2.846334723471955E-9
1.500633004525298E-7
2.233526714690015E-7
5.954466086866006E-12
1.2731965171042248E-7
5.394734671426704E-6
5.073112561149173E-7
6.957491677894723E-6
7.4814238359977026E-6
3.741866261286475E-10
4.432307889601361E-7
1.6147014321177267E-6
1.1725741387635935E-5
4.277470452507259E-6
1.360022251067905E-11
9.519405264057923E-10
7.73062311054673E-6
9.28598018791471E-13
3.235289341319003E-6
7.307436362680164E-7
1.6844799860527004E-11
3.2732580166339176E-6
9.161305741800518E-11
1.1189040804993056E-8
2.9164172588025394E-7
2.8470785196077486E-7
1.5052155355466112E-10
1.9598945073084906E-5
3.5357334127184004E-6
2.9318682663870277E-6
1.9706621969817206E-5
1.1731902341965972E-12
6.211499936625842E-8
1.6195457419598824E-8
1.0100559499903738E-8
1.0211760907360978E-12
4.371885253817709E-8
1.6578343320361455E-7
4.68514408566989E-5
1.5652588114534183E-9
4.3504511268110946E-5
2.3901515433522036E-8
5.086009764454502E-7
3.5582577311288333E-6
4.913388806926378E-7
1.6472187169824792E-8
3.813002180663716E-8
3.479420229268726E-6
5.621101877295587E-7
1.0602669817671995E-6
2.417205848814774E-7
3.801909258527303E-7
2.088346491291304E-6
1.3396782350127978E-8
7.2167249953736246E-9
1.3953017230505793E-7
8.821394281710582E-9
