1-hydroxy-4-unsubstituted benzenoids
3.9918022230267525E-4
7.273509399965405E-4
4.8151181545108557E-4
3.427002811804414E-4
2.738174043770414E-5
3.165011294186115E-4
0.001589229446835816
0.004753706976771355
1.0152364120585844E-4
4.7567690489813685E-4
0.0016408535884693265
7.523192907683551E-4
0.012376214377582073
3.506832290440798E-4
4.762318858411163E-4
9.69036715105176E-4
0.002806060714647174
2.673717972356826E-4
0.0011624377220869064
7.838468300178647E-4
1.5406947932206094E-4
0.004732972010970116
0.001192151103168726
5.251118564046919E-4
7.905198144726455E-4
0.004768664948642254
2.476872759871185E-4
0.001966689247637987
2.6396909379400313E-4
1.0145532723981887E-4
1.7201124865096062E-4
0.0012799410615116358
6.048816139809787E-4
1.3277024845592678E-4
8.736227173358202E-4
0.00200147507712245
0.0014012429164722562
6.655968609265983E-4
0.006707135122269392
7.847131928429008E-4
0.002629599068313837
0.0017372260335832834
4.2547009070403874E-4
0.0022252376656979322
8.801959920674562E-4
6.374841323122382E-4
9.67890489846468E-4
0.0017477032961323857
1.4511051995214075E-4
2.4364747514482588E-4
0.03634171187877655
0.008656948804855347
0.00406696368008852
7.156540232244879E-5
0.0015864830929785967
1.1194482794962823E-4
0.0028148565907031298
9.419404668733478E-4
0.0010938274208456278
5.015761125832796E-4
8.689616806805134E-4
2.8648428269661963E-4
7.275202078744769E-4
0.014998654834926128
3.097145527135581E-4
0.0018270302098244429
0.0015473231906071305
0.006609558127820492
0.005945243872702122
3.141393608530052E-5
6.55731710139662E-4
8.317464962601662E-4
5.398962530307472E-4
1.2564809003379196E-4
4.907015827484429E-4
0.0019099799683317542
4.793730331584811E-4
1.7271586693823338E-4
6.926066998858005E-5
0.001898011309094727
0.002428865758702159
0.005175927188247442
0.005776355974376202
2.541111607570201E-4
5.186021444387734E-4
4.8696217709220946E-4
0.0058444468304514885
0.008932615630328655
0.008129231631755829
5.299185868352652E-4
7.62515192036517E-5
1.7481607210356742E-4
0.005639434326440096
1.1899259334313683E-5
0.0061974902637302876
8.148675988195464E-5
4.0815022657625377E-4
3.934326523449272E-4
3.27399029629305E-4
0.002055916702374816
6.236240151338279E-4
0.0019259965047240257
0.0033009806647896767
1.933170551637886E-6
0.004216250032186508
0.001110758981667459
9.594010043656453E-5
4.8532056098338217E-5
0.0010587341384962201
3.481969179119915E-4
0.002640652470290661
5.3951149311615154E-5
1.4622000162489712E-4
1.7163314623758197E-4
5.298255928209983E-6
3.07325302856043E-4
1.6081894864328206E-4
2.4566325009800494E-4
4.591218748828396E-5
0.0010076995240524411
0.002432416658848524
2.8070775442756712E-5
1.292062661377713E-4
0.006763835437595844
5.197051214054227E-4
5.214030970819294E-4
0.001216610544361174
6.965549982851371E-5
4.6727387234568596E-4
0.08502259105443954
3.7674090708605945E-4
0.4807681143283844
0.004348001908510923
2.962481630675029E-6
0.0014180069556459785
8.483603778586257E-6
6.355979130603373E-4
0.002106997650116682
8.517188834957778E-4
0.0013890446862205863
2.2907867969479412E-4
0.0019148422870784998
2.31901813094737E-5
0.005485346540808678
0.007327034138143063
0.0024112416431307793
0.004902565386146307
0.0017753842985257506
0.0018624590011313558
0.019564028829336166
0.00209833774715662
4.676356620620936E-4
1.614764187252149E-5
4.2694155126810074E-4
0.0016645601717755198
0.0013292814837768674
9.661802905611694E-4
8.843721589073539E-4
6.012581288814545E-4
4.4945935951545835E-4
4.647706518881023E-4
0.0014428707072511315
6.593629368580878E-4
0.025476763024926186
0.001166541245765984
0.0035643461160361767
6.042034365236759E-4
3.8133832276798785E-4
0.06565166264772415
7.754110265523195E-4
7.128102006390691E-4
9.545214707031846E-4
0.00447999918833375
7.948295096866786E-4
0.0027705279644578695
1.5245534996211063E-5
0.10929898172616959
0.0030463780276477337
4.005736263934523E-5
1.1399525828892365E-4
0.004979338496923447
0.0031857353169471025
8.90584706212394E-5
0.001587568549439311
7.76405940996483E-5
2.614338882267475E-4
0.003916964400559664
0.0020579390693455935
8.973794138000812E-6
0.4326260983943939
0.02965378388762474
0.0030811431352049112
0.020236318930983543
0.0020086399745196104
0.002789416816085577
6.762571283616126E-4
0.001721885520964861
4.992049653083086E-4
0.0010624065762385726
4.29563777288422E-4
2.785195829346776E-4
0.0017257020808756351
0.0015911856899037957
4.4867367250844836E-5
0.004051852505654097
4.6610747813247144E-4
4.867707611992955E-4
5.154315658728592E-5
0.020072758197784424
0.001422856468707323
0.00886080227792263
0.022355135530233383
4.720053402706981E-5
0.0021950521040707827
3.434322134125978E-4
5.908611929044127E-4
9.132507257163525E-4
3.3280541538260877E-4
9.027366177178919E-4
4.771692329086363E-5
0.003711580066010356
5.766678950749338E-4
0.005154678598046303
3.958909655921161E-4
0.002495759166777134
0.005559111014008522
0.004145279061049223
9.727602591738105E-4
1.449610135750845E-4
0.0016703447327017784
3.595471571316011E-5
0.0021686323452740908
0.012828147038817406
4.4582979171536863E-4
6.311242468655109E-4
5.396852502599359E-4
0.028212644159793854
6.843667360953987E-4
2.6675942353904247E-4
0.01924152486026287
9.247530833818018E-4
5.9940262872260064E-5
6.220262730494142E-5
8.667695219628513E-4
9.76952025666833E-4
0.0015607356326654553
0.03360613435506821
3.4188973950222135E-4
1.164345485449303E-5
0.0011756947496905923
0.034655194729566574
0.0024084574542939663
4.3086850200779736E-4
2.7217602473683655E-4
0.0010095606558024883
3.55855627276469E-5
2.3060344392433763E-4
0.002237009583041072
0.027799684554338455
0.004066366236656904
2.0655335902119987E-5
7.545230910181999E-4
2.6889872970059514E-4
8.695889846421778E-6
1.762776228133589E-4
4.215432272758335E-5
9.143395000137389E-4
4.927825648337603E-4
0.0011474749771878123
7.824743515811861E-4
1.7929886234924197E-4
0.0029415960889309645
0.0020434283651411533
5.369498976506293E-4
0.003222646424546838
7.478698389604688E-4
0.0011138266418129206
8.077354141278192E-5
0.00209823134355247
6.210231222212315E-4
0.012355940416455269
0.01596476510167122
0.0019059297628700733
0.0028852547984570265
0.0013114268658682704
1.1827120033558458E-4
9.389194310642779E-4
2.6176308165304363E-4
0.05468690022826195
4.212288695271127E-5
1.7345523519907147E-4
8.67853406816721E-4
3.27976667904295E-5
1.33198918774724E-4
0.0014200276928022504
4.920707942801528E-5
0.02932194247841835
5.415949854068458E-4
3.8116471841931343E-4
0.0016116721089929342
2.112036891048774E-4
5.485921283252537E-4
0.12362981587648392
0.0032916401978582144
2.2238263045437634E-4
9.457265841774642E-4
4.649384645745158E-4
6.0516461962834E-4
0.005816285032778978
4.43940116383601E-5
2.075275406241417E-4
0.0023718252778053284
4.056353063788265E-4
5.030777174397372E-6
0.06790311634540558
3.2922474201768637E-4
2.823396062012762E-4
3.806253953371197E-4
3.432221637922339E-5
3.61339480150491E-4
0.0016411405522376299
0.007250635419040918
0.0018124160123988986
8.380890358239412E-5
3.3960503060370684E-4
0.0011719467584043741
0.0012449785135686398
6.512256222777069E-4
4.2822357499971986E-4
7.625797297805548E-4
3.8932860479690135E-4
5.409061486716382E-5
1.677181717241183E-5
3.2254974939860404E-4
8.567619952373207E-4
4.4176328810863197E-4
4.343716718722135E-4
3.5937552456744015E-4
4.340537416283041E-4
9.614684677217156E-5
0.0039190310053527355
0.0018352472689002752
0.0016474062576889992
0.005774275865405798
4.206559606245719E-5
0.002691491274163127
0.012511150911450386
0.0016855226131156087
4.7361190809169784E-5
5.252199116512202E-5
4.1372989653609693E-4
8.27282085083425E-4
0.0027585856150835752
0.015411325730383396
4.72363259177655E-4
4.8044556751847267E-4
0.001991400495171547
0.0012013670057058334
0.0011746034724637866
1.24489568406716E-4
2.6365366647951305E-4
4.2794784530997276E-4
5.147979245521128E-4
0.005847373511642218
0.053066547960042953
2.828208380378783E-4
5.901757394894958E-4
0.0017531421035528183
1.5509690274484456E-4
1.344093179795891E-4
7.468293770216405E-4
0.0010640483815222979
0.003707070369273424
1.8286844351678155E-5
1.9312306540086865E-4
4.135504423175007E-4
2.2550114954356104E-4
6.114405696280301E-4
1.8504140825825743E-5
8.595198596594855E-5
6.71526649966836E-4
0.0041330475360155106
3.8768432568758726E-4
4.550959565676749E-4
7.067549449857324E-5
8.631967939436436E-4
6.231662700884044E-4
3.4304551081731915E-4
4.2257405584678054E-4
3.0764487746637315E-5
4.5880506513640285E-4
0.003319367067888379
8.265787619166076E-4
0.002505022333934903
6.271349266171455E-4
0.021342571824789047
0.00266525917686522
0.031442344188690186
7.263357401825488E-4
5.899794996366836E-5
2.8877731529064476E-4
5.040194373577833E-4
5.375879118219018E-4
8.388315909542143E-4
0.0012650728458538651
0.0010158006334677339
2.3458432406187057E-4
3.7047723890282214E-4
0.003031049855053425
1.4124574954621494E-4
2.13347258977592E-4
5.376428598538041E-4
5.516309756785631E-4
5.473829805850983E-4
3.789729089476168E-4
3.588058170862496E-4
0.01623648963868618
3.285264247097075E-4
6.947385263629258E-4
0.0014666906790807843
0.008997389115393162
8.81290907273069E-6
1.1125295714009553E-4
2.1419914264697582E-4
0.051046594977378845
1.0492636647541076E-5
5.952264764346182E-4
0.0016027550445869565
2.2774589888285846E-4
6.773358909413218E-4
1.064518655766733E-4
4.58770664408803E-5
2.179886505473405E-4
0.002224414609372616
0.0024377177469432354
0.002465261844918132
0.009118429385125637
5.103822913952172E-4
5.0240327254869044E-5
5.29829936567694E-4
8.940488332882524E-4
6.37220626231283E-4
0.18351399898529053
0.01287882775068283
0.026482833549380302
1.3211338955443352E-4
0.04650508984923363
5.138217238709331E-4
0.014348460361361504
1.0727704648161307E-5
0.04512247070670128
9.630896965973079E-4
0.005710879806429148
2.326720568817109E-4
2.957840042654425E-4
1.4595384527638089E-5
1.957177446456626E-4
3.218643250875175E-4
3.301158722024411E-4
2.3172014334704727E-4
3.2737996662035584E-4
0.0049922955222427845
0.3179186284542084
7.883859216235578E-4
2.104238810716197E-4
3.5975014907307923E-4
8.005123818293214E-4
0.019033243879675865
0.00137308519333601
0.1409551501274109
4.6715218923054636E-4
0.22211536765098572
3.019682189915329E-4
0.025179877877235413
7.355064735747874E-5
2.0093943749088794E-4
0.0019488370744511485
3.472387616056949E-4
8.58570565469563E-4
2.4174712598323822E-4
3.2720243325456977E-4
6.352157215587795E-4
0.0010112322634086013
2.962387807201594E-4
0.10258972644805908
2.560614957474172E-4
3.3311356673948467E-4
3.657347406260669E-4
5.332912769517861E-5
1.5167306628427468E-5
1.2808155588572845E-5
5.352131556719542E-4
0.05801335349678993
5.439024535007775E-4
0.013534161262214184
3.2018513593357056E-5
9.174866136163473E-6
2.1729274521931075E-5
1.2517189315985888E-4
0.016565503552556038
7.358886068686843E-5
0.00937500037252903
4.500127397477627E-4
0.0010836959118023515
0.0023789561819285154
1.2473901733756065E-4
8.775042806519195E-5
0.003201827174052596
1.758355792844668E-4
8.272124687209725E-4
0.008634011261165142
2.627182993819588E-6
8.807901758700609E-4
3.8877822225913405E-4
2.9573572101071477E-4
2.6765745133161545E-5
6.184885860420763E-4
0.005133539903908968
4.8768964916234836E-5
2.141922050213907E-5
2.5321458815597E-4
3.664649266283959E-4
0.0072934809140861034
2.0447649876587093E-4
0.0017489836318418384
3.167659087921493E-5
0.0014930723700672388
0.0027334371116012335
2.8207647847011685E-4
1.51786089190864E-5
0.005909233819693327
2.2456895749201067E-5
1.4468700101133436E-4
3.1479893368668854E-4
1.760119484970346E-4
0.04898630082607269
0.0011553448857739568
1.4864098375255708E-5
3.818807890638709E-4
0.06817060708999634
9.145127114607021E-5
7.907265098765492E-4
0.0015637322794646025
0.0016021879855543375
0.001052789855748415
0.0022919487673789263
1.0427677625557408E-4
3.8181585841812193E-4
0.002121302764862776
2.2382615134119987E-4
2.923184656538069E-4
2.727289975155145E-4
0.0032442512456327677
1.6543753736186773E-4
0.004554903134703636
0.025369884446263313
6.158961914479733E-4
5.165653419680893E-4
2.755254681687802E-4
2.1589738025795668E-4
0.1267961710691452
2.3162076558946865E-6
0.04175316169857979
2.444238343741745E-4
0.03442642465233803
0.14157076179981232
0.007337913382798433
0.001374763436615467
3.871477019856684E-6
0.002861993620172143
7.792458054609597E-4
0.0010396649595350027
1.2058718857588246E-4
1.278151321457699E-4
0.0030772946774959564
0.17905904352664948
0.003434443147853017
5.19331206305651E-6
4.709733766503632E-4
0.0031193899922072887
0.0018366259755566716
0.0010360756423324347
6.068643415346742E-6
0.4048224091529846
2.2908792743692175E-5
2.9978618840686977E-5
0.013984285295009613
1.0221535922028124E-4
6.275750347413123E-4
1.5651890134904534E-4
0.0015261542284861207
0.0021451658103615046
0.0187838114798069
5.1117858674842864E-5
1.4846029807813466E-4
5.556548130698502E-4
0.0061891269870102406
2.2376848210114986E-4
1.314486435148865E-4
0.7594200968742371
6.320408283500001E-5
4.444532532943413E-5
2.0696948922704905E-4
4.120260928175412E-5
3.0223585781641304E-4
5.123061127960682E-4
3.096996442764066E-5
4.11929022448021E-6
0.23289862275123596
8.703775820322335E-4
0.02708837203681469
6.888197822263464E-5
7.99232511781156E-5
3.698966174852103E-4
3.346875985243969E-7
1.68520346051082E-5
0.03640712797641754
0.0014008673606440425
0.001671833684667945
0.3233885169029236
0.006627069786190987
0.01387584675103426
0.0016318499110639095
0.007797929923981428
2.460223331581801E-4
0.0012093419209122658
0.0017376544419676065
3.269694570917636E-5
0.2926895022392273
0.002851936500519514
0.01970367506146431
0.0028254250064492226
1.6365369083359838E-4
6.468074861913919E-4
8.531115599907935E-4
0.0010825309436768293
0.002845536917448044
0.0014890213496983051
1.9449802493909374E-5
5.708015523850918E-4
0.0013649153988808393
6.626473623327911E-5
5.568063934333622E-4
9.757578482094686E-6
1.616751433175523E-5
0.4764353632926941
0.0031078762840479612
0.011639034375548363
2.2895512302056886E-5
7.015179144218564E-4
0.21081025898456573
1.9645883003249764E-4
7.343358593061566E-4
8.042872068472207E-4
0.0377555713057518
6.547799421241507E-5
1.5550693206023425E-4
5.183013854548335E-6
1.3760002912022173E-4
1.1813679884653538E-4
9.271556627936661E-4
0.001342300558462739
9.550164104439318E-4
0.0018008868210017681
1.222419086843729E-4
0.012508483603596687
9.36249503865838E-4
0.0014475510688498616
4.5266456436365843E-4
2.091835340252146E-4
8.499480827595107E-6
7.891071145422757E-4
0.009231842122972012
0.044206615537405014
0.003098228480666876
0.1565534621477127
0.003219082485884428
6.987825618125498E-4
0.00534038245677948
0.27094247937202454
4.233453728375025E-5
1.2952281394973397E-5
0.2749306559562683
0.009936938993632793
5.126477335579693E-4
0.006470460910350084
0.002196683082729578
0.0037115172017365694
3.223400563001633E-5
0.12874430418014526
3.301742544863373E-4
0.002679669763892889
0.0011513736099004745
4.819442401640117E-4
2.52626864494232E-6
2.007727380259894E-5
0.0010958375642076135
9.152924758382142E-5
6.951973773539066E-5
8.503291155648185E-7
9.87473875284195E-4
4.8293767031282187E-4
2.172567037632689E-4
4.924113000015495E-6
2.4070109066087753E-4
2.9885125695727766E-4
0.04330127313733101
7.46583507861942E-4
0.0014183984603732824
0.003907277714461088
4.8525104648433626E-4
0.013116150163114071
5.696098087355494E-4
0.0020915577188134193
3.14062308461871E-5
0.011304132640361786
4.5268144458532333E-4
0.0010275844251736999
1.0315437248209491E-4
0.003032814711332321
1.4509714674204588E-4
2.616845813463442E-5
2.7893457445316017E-4
3.190631978213787E-4
0.1083327978849411
0.0017185882898047566
0.5978304743766785
1.8079091432809946E-6
3.0782754765823483E-4
0.0600917674601078
1.207041714224033E-5
7.56278823246248E-5
0.07640458643436432
3.2711002859286964E-4
0.002269231714308262
0.002579981693997979
1.7907355504576117E-4
1.9353514653630555E-4
5.579666467383504E-4
3.4594451426528394E-4
9.375027730129659E-4
1.1368926789145917E-4
0.001991660101339221
4.082689993083477E-4
5.513011128641665E-4
0.00290417717769742
0.06261228024959564
0.0028932758141309023
0.0031247008591890335
1.304880133830011E-4
8.823130046948791E-4
4.387232183944434E-4
6.981401384109631E-5
5.147938500158489E-4
8.469876484014094E-4
4.1898179915733635E-4
1.4674566045869142E-4
0.0022253994829952717
2.7331892852089368E-5
0.038754068315029144
0.0061312224715948105
2.513416111469269E-4
1.3238486644695513E-5
0.023194588720798492
3.471332020126283E-4
0.17688575387001038
2.6879191864281893E-4
3.4482003684388474E-5
6.33806106634438E-4
1.49299725308083E-4
6.053936667740345E-4
0.005441984161734581
0.25184565782546997
8.059249958023429E-4
5.256036529317498E-4
3.8929254515096545E-4
0.0013408784288913012
0.010693575255572796
2.0981962734367698E-4
5.133453669259325E-5
1.6216258518397808E-4
0.003132306970655918
0.1536092460155487
1.2452242663130164E-4
0.007583589758723974
0.0819852352142334
0.0012217959156259894
1.0359756561229005E-4
0.10408086329698563
6.342652486637235E-4
0.004438810516148806
0.005849302746355534
1.4157323676045053E-5
0.2684621214866638
0.8257777094841003
1.1930846812902018E-4
0.14557106792926788
4.296096449252218E-4
8.224119083024561E-4
6.475100526586175E-4
2.2911174255568767E-6
0.1313500851392746
0.01648048684000969
5.440880777314305E-4
3.228036575819715E-6
6.795657827751711E-5
0.014956602826714516
8.697216799191665E-6
0.05088941007852554
5.810380571347196E-6
4.1088476427830756E-4
0.1785486936569214
0.0029966221190989017
0.009699045680463314
0.005371555685997009
3.683868999360129E-5
1.580890384502709E-4
0.062019214034080505
6.727472646161914E-5
1.8483569874661043E-5
4.858312022406608E-4
0.12277894467115402
0.09913118183612823
9.009196073748171E-4
0.0011644922196865082
8.11988371424377E-4
7.719604182057083E-4
3.9430876495316625E-4
0.01960359513759613
4.40599524154095E-6
0.25075414776802063
9.038690477609634E-4
4.685064486693591E-4
0.03185765817761421
0.2409239560365677
0.0038318769074976444
3.994838916696608E-4
4.028867988381535E-5
5.380694638006389E-4
3.400330024305731E-4
1.0034508886747062E-4
1.9908611648133956E-5
0.5001396536827087
6.238505593501031E-4
0.17998260259628296
0.10867755115032196
1.8280823132954538E-4
0.13745860755443573
3.064704069402069E-4
0.0034773503430187702
8.68537463247776E-5
1.2134821008658037E-4
3.750618197955191E-4
3.3488897315692157E-5
0.13748079538345337
0.041204821318387985
3.618657647166401E-4
4.393837589304894E-4
5.868216248927638E-6
2.6228279239148833E-5
0.04145410284399986
0.08912674337625504
8.247066871263087E-4
2.1094629482831806E-4
0.011117689311504364
0.9875612258911133
1.0866842785617337E-5
1.654969237279147E-4
0.4260280430316925
2.1363281121011823E-4
0.012215503491461277
0.016518283635377884
0.23444946110248566
0.17366108298301697
3.448981033216114E-6
0.06876745820045471
3.449691866990179E-4
0.023183442652225494
7.436419255100191E-4
1.1251343676121905E-4
0.23260734975337982
9.127650409936905E-4
0.3692781329154968
0.033657725900411606
0.19542977213859558
4.247521865181625E-4
5.821339436806738E-4
0.4654098153114319
0.0027678043115884066
2.310119307367131E-4
0.12354505807161331
3.057674621231854E-4
6.876221741549671E-4
0.04284438490867615
0.006523609161376953
0.0011988250771537423
0.031221365556120872
0.05160405859351158
0.1732877641916275
0.11233324557542801
0.33726081252098083
1.0728565939643886E-5
1.8510560039430857E-4
0.13803231716156006
0.01906866580247879
0.02664283476769924
0.1525585949420929
0.2430485039949417
0.3244195580482483
1.0653407662175596E-4
0.24961434304714203
2.501002882127068E-6
0.2406560480594635
1.614331813470926E-5
3.847270563710481E-4
5.671731196343899E-4
5.122983129695058E-4
2.8232845579623245E-5
0.017799347639083862
1.3349531218409538E-4
5.712599377147853E-4
1.5767969307489693E-4
1.0067249968415126E-4
5.141106084920466E-4
0.007603491190820932
1.4031078899279237E-4
1.5902862651273608E-4
5.99347404204309E-5
0.06039217859506607
0.09305906295776367
3.6695470043923706E-5
0.01915190927684307
2.18246626900509E-4
0.0023656918201595545
0.2727380692958832
0.5428851246833801
1.8094434926752E-4
0.001996559789404273
0.027135415002703667
0.604924738407135
1.7886686691781506E-5
0.009812414646148682
6.198378978297114E-4
1.0000623660744168E-5
2.3570857592858374E-5
0.16725826263427734
0.16508740186691284
1.580835087224841E-4
0.002040478866547346
0.001631009392440319
2.156035407097079E-5
0.9758025407791138
0.001265294966287911
0.04455467313528061
3.249161527492106E-4
0.22812090814113617
0.2837534248828888
0.005476932041347027
5.8609177358448505E-5
8.957533864304423E-4
0.06917339563369751
0.0021278068888932467
2.5930068659363315E-5
0.04866226762533188
1.014339522953378E-5
0.34693193435668945
4.109058863832615E-6
0.3129037618637085
0.07130880653858185
0.08525902777910233
8.296031592180952E-5
0.004399228375405073
0.5038129687309265
0.018124254420399666
0.0010524874087423086
0.02167005091905594
3.33942734869197E-4
0.5074528455734253
5.473976852954365E-5
9.690877959656063E-6
3.1218273215927184E-4
3.6519600143947173E-6
0.21857266128063202
5.138943834026577E-6
0.009269138798117638
0.001604593824595213
1.588289742358029E-4
0.007307203020900488
2.2440453176386654E-4
0.07801706343889236
4.004041329608299E-6
0.004577526357024908
0.0014136479003354907
0.9696305394172668
0.7976316809654236
0.007854338735342026
6.016800762154162E-4
5.485150541062467E-5
1.2916138985019643E-5
0.7213342189788818
0.26145118474960327
3.788138201343827E-5
2.8384209144860506E-4
4.309722135076299E-5
1.4712323900312185E-4
0.3163290023803711
6.733371992595494E-4
0.0038738432340323925
0.6710919141769409
1.3238276551419403E-5
0.04311778023838997
0.48426854610443115
4.251324753568042E-6
3.0415114451898262E-5
4.697279564425116E-6
4.192446358501911E-4
0.8236964344978333
0.001094914274290204
0.004188597667962313
0.6839720606803894
3.236879128962755E-4
0.2695140540599823
3.437742998357862E-5
8.387135312659666E-5
0.9560238122940063
6.173172732815146E-4
2.473991480655968E-4
0.3657272458076477
1.503422245150432E-4
0.15698567032814026
0.49479103088378906
0.0018405572045594454
0.015852022916078568
0.24850088357925415
4.6216478949645534E-5
1.5301991879823618E-5
3.277091309428215E-5
2.3545291696791537E-5
1.7428641285732738E-6
1.0358665349485818E-5
0.07540681213140488
0.41466352343559265
0.3796355724334717
9.341102668258827E-6
0.0011073827045038342
0.15811006724834442
6.113404651841847E-6
2.1336954887374304E-6
0.6594398021697998
0.17612208425998688
0.00747961550951004
0.0015872676158323884
0.0012243975652381778
5.2695693739224225E-5
0.005175699945539236
5.439823144115508E-4
2.301968834217405E-6
0.0016689900076016784
0.17194083333015442
0.002049651462584734
0.3414032757282257
0.10009526461362839
3.7253761547617614E-4
0.007155472878366709
0.2442949265241623
0.3663741648197174
0.11154874414205551
1.5307804801523162E-7
8.280365364043973E-6
0.8611025214195251
9.372497515869327E-7
0.09558326750993729
0.012584694661200047
8.29151474590617E-7
0.5292170643806458
2.1333085896912962E-4
2.943894360214472E-4
0.2846229076385498
0.005787900649011135
1.8737443315330893E-4
0.0017602099105715752
0.6117387413978577
0.35391634702682495
0.0016819892916828394
1.0454740504428628E-6
0.1840078979730606
6.130330730229616E-4
0.0011866565328091383
3.248826033086516E-6
3.4128892002627254E-4
0.014240296557545662
3.644656972028315E-4
6.233716703718528E-5
3.4444741322658956E-4
6.423579761758447E-4
0.9967045187950134
0.9672789573669434
0.9976959824562073
5.72497199755162E-4
0.9624046683311462
0.9182253479957581
0.9599198698997498
1.0661629494279623E-4
0.9497438073158264
0.968654453754425
0.94035804271698
1.338440051767975E-4
1.0176485375268385E-4
0.9898771047592163
0.9974485039710999
