Branched unsaturated hydrocarbons
7.534231554018334E-5
1.0602972179185599E-4
8.887980948202312E-4
5.5414366215700284E-5
1.919263922900427E-5
4.0358070691581815E-5
9.77165691438131E-5
5.2958657761337236E-5
4.7195326260407455E-6
4.3226773414062336E-5
3.603443838073872E-5
4.889967385679483E-4
1.2920485460199416E-4
1.2775913637597114E-4
3.716769424499944E-5
4.029327828902751E-5
2.65945476712659E-4
2.2064099539420567E-5
3.8484795368276536E-5
1.702580921119079E-4
1.3290239439811558E-4
8.623918984085321E-5
1.0423435014672577E-4
3.0380160751519725E-5
1.9015253928955644E-4
1.386036310577765E-4
1.65559868037235E-5
7.876066956669092E-5
4.7530960728181526E-5
1.1378427188901696E-5
7.245090728247305E-6
1.4862000534776598E-4
7.749714859528467E-5
9.108974154514726E-6
3.381996793905273E-5
1.4597256085835397E-4
3.1131614377954975E-5
3.0257664548116736E-5
4.123452818021178E-4
6.112135451985523E-5
2.7625911752693355E-4
5.211661118664779E-5
1.564972262713127E-5
2.6085539502673782E-5
4.500315117184073E-5
1.7859121726360172E-4
0.0012167920358479023
4.24390600528568E-5
2.83264434983721E-5
1.607675658306107E-4
1.4123354048933834E-4
1.0987429413944483E-4
5.557132317335345E-5
3.463574103079736E-5
5.39647662662901E-5
3.245923653594218E-5
8.904161222744733E-5
4.258420376572758E-4
3.7375703686848283E-4
2.3810905986465514E-5
2.0469346054596826E-5
1.7926557120517828E-5
2.7556499844649807E-5
3.180091152898967E-5
6.890921940794215E-5
6.588608084712178E-5
9.793000208446756E-5
1.8484992324374616E-4
4.019244443043135E-5
2.4891344946809113E-4
6.984084848227212E-6
1.480934297433123E-4
8.008853001229E-6
1.168193466583034E-5
9.3495018518297E-6
2.8691367333522066E-5
1.2512648027040996E-5
1.0233572538709268E-5
1.750827650539577E-4
1.1677893053274602E-4
2.8631306486204267E-4
1.5390515909530222E-4
7.055258174659684E-5
2.6784311558003537E-5
1.775631244527176E-5
3.463758184807375E-5
0.004384087864309549
1.7848436982603744E-5
1.538891956442967E-4
7.856925367377698E-5
2.3408717243000865E-4
1.0699533595470712E-4
1.9581236119847745E-4
4.3146402458660305E-4
3.192823496647179E-4
2.704851340240566E-6
2.320919156773016E-5
2.337131263629999E-5
2.3911610696814023E-5
2.1087689674459398E-5
6.785100413253531E-5
1.7495945940027013E-5
1.635989247006364E-5
5.8754100251690033E-8
2.088430483127013E-5
1.169205061160028E-4
3.019407740794122E-4
2.2944117517909035E-5
7.650764018762857E-5
2.1438963813125156E-5
1.2309050362091511E-4
2.6750838060252136E-6
7.436408486682922E-5
3.5515628405846655E-4
2.669290779522271E-6
2.0093792045372538E-5
9.730214515002444E-6
3.0181319743860513E-5
8.311669148497458E-7
1.980947272386402E-4
2.3234611944644712E-5
2.4559851681260625E-6
2.384737854299601E-6
5.447003786684945E-5
9.047524508787319E-5
5.3477495384868234E-5
2.0242769096512347E-5
4.319955678511178E-6
6.487305654445663E-5
6.777064118068665E-5
1.172096308437176E-4
4.4592763879336417E-4
2.834001134033315E-5
1.1549428018042818E-4
4.20832984673325E-5
4.598340092343278E-5
8.194447218556888E-6
1.690585122560151E-5
5.519157639355399E-5
1.8143477791454643E-4
7.783442924846895E-6
8.357378101209179E-5
4.062005318701267E-4
2.8789834686904214E-5
3.547448795870878E-5
5.7651450333651155E-5
4.522540984908119E-5
1.8483884559827857E-5
2.6990685000782833E-5
7.130931771825999E-5
2.3580492415931076E-4
1.1648658073681872E-5
4.2334545469202567E-7
1.992757825064473E-5
1.3406938705884386E-5
2.0853707974310964E-4
7.05387064954266E-5
8.804328535916284E-5
1.7018235666910186E-5
8.033542690100148E-5
1.3446845514408778E-5
9.727098949952051E-5
9.212850272888318E-6
1.0868724348256364E-4
2.3855274775996804E-5
5.011312532587908E-5
1.0429322173877154E-5
1.0536066838540137E-5
3.793207724811509E-5
7.297456704691285E-6
7.076011115714209E-6
1.366560609312728E-4
3.99349482904654E-5
1.1958301911363378E-5
1.2416076788213104E-4
6.356093799695373E-4
1.1503865971462801E-4
2.1744701371062547E-5
6.268443485168973E-6
8.203409379348159E-6
2.792348459479399E-5
3.0243982109823264E-5
2.100341225741431E-5
0.0010871386621147394
3.307717270217836E-5
1.7185084288939834E-5
2.8714903237414546E-5
0.0013364291517063975
1.7232574691661284E-6
9.291105379816145E-5
1.3869428948964924E-4
1.3281629071570933E-4
9.438951383344829E-5
1.9672354028443806E-5
1.9540837456588633E-5
2.0831661458942108E-5
5.106225216877647E-5
9.050389962794725E-6
1.5183910363703035E-5
2.4411479898844846E-5
4.818725574295968E-5
2.8706929879263043E-4
8.944533328758553E-5
1.0222664059256203E-5
1.1152943443448748E-5
5.280916957417503E-5
1.9652389164548367E-4
3.92365109291859E-6
1.7711288819555193E-5
3.6213124985806644E-4
4.2124356696149334E-5
7.100423681549728E-5
1.6730915319840278E-7
0.0021448188927024603
6.334830231935484E-6
1.1063431884394959E-5
2.7035839593736455E-5
5.62512141186744E-5
1.0440989171911497E-5
1.2665635949815623E-5
7.318074494833127E-5
1.1109689512522891E-4
4.0389958303421736E-4
1.1344844097038731E-4
3.6694509617518634E-5
7.7395437983796E-4
1.6479707846883684E-4
2.8286433007451706E-5
8.841388080327306E-6
2.6337258532294072E-5
8.64390403876314E-6
0.0011694541899487376
2.0875644986517727E-4
5.452080586110242E-6
4.3461281165946275E-5
9.76128376350971E-6
2.4302199017256498E-4
3.169472256558947E-5
5.459388830786338E-6
2.8970827770535834E-5
1.103415070247138E-5
6.156769813969731E-7
1.9961678844993003E-5
1.4834339708613697E-5
1.0125218977918848E-5
1.1597413504205178E-5
1.9036931917071342E-4
6.458302232204005E-5
1.8008007828029804E-5
1.2327154763625003E-5
2.212169420090504E-5
5.3060634854773525E-6
6.500319614133332E-6
1.3730107639275957E-5
1.3383525583776645E-5
2.652534567459952E-5
2.5730085326358676E-5
4.3040188757004216E-5
2.502394090697635E-5
3.79359582439065E-4
5.7763040786085185E-6
6.772957931389101E-6
6.234463398868684E-6
6.5719677877496E-7
2.8799120173061965E-6
1.3426292753138114E-5
8.35600440041162E-6
4.943195563100744E-6
8.526215424353722E-6
1.3181150279706344E-5
4.469891337066656E-6
3.999531691079028E-5
4.576110222842544E-5
1.3535045582102612E-5
3.4978471376234666E-5
2.2906253434484825E-5
6.336455044220202E-6
1.1331861060170922E-5
2.1126967112650163E-5
6.619636224058922E-6
2.552881196606904E-4
4.530862861429341E-5
2.4703016606508754E-5
9.131975821219385E-5
7.660773007955868E-6
0.001862055854871869
2.4524633772671223E-5
1.9353838069946505E-6
7.40641204174608E-4
1.6597674402873963E-5
8.715568583284039E-6
8.198066097975243E-6
2.3486286409024615E-6
7.165708666434512E-5
5.0061976253346074E-6
4.5737567688775016E-7
7.072787411743775E-5
7.874895345594268E-6
9.136792868957855E-6
0.003443026915192604
4.502661795413587E-6
8.216512469516601E-6
8.105125743895769E-5
2.207079087384045E-4
8.955188377512968E-7
4.846817319048569E-6
1.5486619304283522E-5
4.7391667976626195E-6
3.9147424104157835E-5
9.548457455821335E-6
2.120116960213636E-6
1.1451344471424818E-4
9.39892288442934E-6
9.416849877652567E-8
7.389449456240982E-5
3.4649568260647357E-4
1.875165253295563E-5
5.8187375543639064E-5
1.1306960914225783E-6
5.6902335927588865E-6
1.0897811989707407E-5
7.100259244907647E-5
6.772948108846322E-5
8.360416359209921E-6
5.77556102143717E-6
4.372180410427973E-5
5.736288949265145E-5
5.139695713296533E-4
2.5373597964062355E-5
9.121964467340149E-6
7.541551167378202E-5
5.514187364497047E-7
3.203628466508235E-6
1.0167308573727496E-5
1.0099628525495064E-5
2.52372433351411E-6
2.6776398954098113E-5
1.978014552150853E-6
2.2807853383710608E-5
3.0115859317447757E-6
2.1065299733891152E-5
3.8596303056692705E-5
6.425113042496378E-6
2.6829966373043135E-5
8.464969141641632E-6
6.897158164065331E-5
2.878447121474892E-4
1.745904410199728E-5
6.686444976367056E-6
4.098186309420271E-6
8.244123819167726E-6
4.878012623521499E-5
1.1874461051775143E-4
3.7016663554823026E-5
6.645911980740493E-6
6.774819212296279E-6
9.170387784251943E-6
2.822464011842385E-5
1.9095874449703842E-5
7.7383019743138E-6
4.721977347799111E-6
5.412170594354393E-6
1.2462897757359315E-5
4.7918652853695676E-5
3.103873677900992E-5
2.4928219772846205E-6
7.022051249805372E-6
1.4196459233062342E-5
1.549778062326368E-5
1.1225472917431034E-5
8.728613465791568E-6
4.3296713556628674E-5
5.3387029765872285E-5
5.577153388003353E-7
3.2977259252220392E-6
6.655649031017674E-6
8.081643500190694E-6
6.813027539465111E-6
1.3379549272940494E-5
3.4941745070682373E-6
4.2290052988391835E-6
1.1221440217923373E-5
1.9279874322819524E-5
8.524886652594432E-5
7.413313483084494E-7
7.471399840142112E-6
7.057230504869949E-6
2.015996415138943E-6
1.5341418475145474E-5
7.863061000534799E-6
1.3752312952419743E-5
7.5068004662171E-5
6.51589289191179E-5
3.7892306863795966E-5
5.841735764988698E-5
5.191556556383148E-5
4.0467213693773374E-5
1.4766232925467193E-4
1.026571226248052E-5
6.383690447364643E-7
1.165126832347596E-5
7.278149041667348E-6
6.616900463995989E-6
1.1743763025151566E-5
2.625090564833954E-5
2.9922373869339935E-5
6.1554110288852826E-6
2.279494765389245E-5
2.5216690119123086E-5
7.908392035460565E-6
5.61409206056851E-6
7.533825282735052E-6
6.743834546796279E-6
1.1387496670067776E-5
2.1319217466952978E-6
2.8403758278727764E-6
1.1778649786720052E-4
1.0885987649089657E-5
3.7618128772010095E-6
2.723047509789467E-5
6.108068191679195E-5
4.2070510630765057E-7
1.4278666640166193E-6
5.704642262571724E-6
3.4155506000388414E-5
1.6434553344879532E-6
7.699241905356757E-6
1.1674413144646678E-5
4.333202923589852E-6
6.072318137739785E-5
7.405116093650577E-7
1.0355505764891859E-5
6.757729806849966E-6
1.9143259123666212E-5
1.988056283153128E-5
1.864789919636678E-5
5.772340500698192E-6
6.596037110284669E-6
5.31426985617145E-6
6.588579253730131E-6
2.0651919840020128E-5
6.066767582524335E-6
2.8749862394761294E-5
6.0651862440863624E-5
7.565203122794628E-5
1.3816564603530423E-7
1.8455075041856617E-4
6.587715233763447E-6
1.456934023735812E-5
1.411489307656666E-7
2.5616067432565615E-5
4.8717988647695165E-6
2.641876562847756E-5
4.680751953856088E-5
4.1720966692082584E-4
4.1960313978961494E-7
3.855119757645298E-6
1.1436151908128522E-5
7.673169420741033E-6
3.721883558682748E-6
9.538065569358878E-6
2.5332439690828323E-5
4.930424620397389E-5
4.992366884835064E-4
3.807511893683113E-5
1.7336538803647272E-5
1.099600012821611E-5
8.921365952119231E-5
2.2610967789660208E-5
0.006930836942046881
1.1436123713792767E-5
1.940403126354795E-5
1.0872786333493423E-5
2.498622634448111E-4
4.237599569023587E-6
1.826374386837415E-6
9.910274093272164E-5
1.723818240861874E-5
7.957707566674799E-6
4.445583272172371E-6
3.4468928788555786E-5
6.978198143769987E-6
2.4577226213295944E-5
5.479867468238808E-6
4.6411481889663264E-5
2.3302378394873813E-5
6.0102343013568316E-6
6.962554380152142E-6
3.5437903989077313E-6
1.0849957021719092E-7
5.312082521413686E-6
4.7328867367468774E-5
6.582787318620831E-5
1.2937530300405342E-5
3.8146252336446196E-5
1.7940515135705937E-6
2.393530280642153E-7
5.909327683184529E-6
1.3549533832701854E-6
6.833230872871354E-5
2.2038773295207648E-6
2.0652056264225394E-5
2.4592693534941645E-6
3.01783893519314E-6
3.162099528708495E-5
5.379866706789471E-6
5.161248736840207E-6
7.351701060542837E-5
4.90957745569176E-6
4.033831828564871E-6
1.2305169366300106E-4
4.6252655039324964E-8
7.0383075581048615E-6
8.999969395517837E-6
1.4812280824116897E-5
1.3596148846772849E-6
4.4480120777734555E-6
6.790745374019025E-6
4.0871152305044234E-4
2.9953826015116647E-6
6.482163371401839E-6
6.122348622739082E-6
0.00133416464086622
2.1333122276701033E-5
5.007088475394994E-5
2.7464562890600064E-7
1.0944938367174473E-5
4.991827518097125E-5
1.4740046935912687E-5
4.7163644012471195E-6
6.605904491152614E-5
2.146620943221933E-7
4.365790118754376E-6
4.787755642610136E-6
8.23678510641912E-6
1.3190646131988615E-4
2.9575069220300065E-6
2.37575676464985E-7
2.897578781357879E-7
2.586525442893617E-5
2.014654455706477E-5
4.142981197219342E-6
1.270988468604628E-5
6.895676051499322E-5
1.5077313264555414E-6
3.0303077437565662E-5
3.884482794092037E-6
5.396923825173872E-6
7.055690275592497E-6
4.117046046303585E-6
9.59016801971302E-7
6.244396217880421E-7
1.553760375827551E-5
4.656747023545904E-6
1.6204592611757107E-5
1.2151387636549771E-4
8.808961865724996E-6
8.083582360995933E-5
1.1906476174772251E-5
3.3938235901587177E-6
1.1070509935962036E-4
2.3457120335024229E-7
1.1777154577430338E-4
3.476958454484702E-6
9.180609049508348E-5
1.6558544302824885E-4
5.0117199862143025E-5
1.3027362001594156E-5
1.35806729417709E-7
1.4561494936060626E-5
3.93141272070352E-6
2.088458313664887E-5
1.4286371197158587E-6
9.081398957277997E-7
0.00465638330206275
3.5622488940134645E-4
1.4095417282078415E-4
3.1919729082119375E-8
8.66520895215217E-6
3.6891631225444144E-6
1.4612745644626557E-6
7.63871048548026E-6
5.3028930580012457E-8
2.9016044209129177E-5
3.977922460762784E-6
5.187015176488785E-6
1.3160095841158181E-4
6.127000960987061E-5
0.0011304282816126943
1.750293677105219E-6
5.149905064172344E-6
0.04063123092055321
2.544289418437984E-5
6.752588888048194E-6
8.385388241549663E-7
3.9963662857189775E-5
8.887746844266076E-6
4.69117185275536E-6
0.8336951732635498
1.1020450074283872E-5
1.1826779200418969E-6
2.9638295018230565E-6
3.3506205454614246E-6
5.4497140808962286E-6
3.868700787279522E-6
4.579039341479074E-6
8.668287591717672E-6
1.8017948377746507E-6
2.244286770292092E-5
2.5065388399525546E-5
6.337806553347036E-5
7.597242870360787E-7
1.953731043613516E-6
1.4863479691484827E-6
2.3542181679658825E-6
1.8509840060687566E-7
2.0994435544707812E-5
1.93388041225262E-5
1.2452401279006153E-6
1.0970691801048815E-4
5.10821737407241E-5
6.107196531957015E-5
1.5266276022884995E-4
1.2544546916615218E-4
2.065454282274004E-5
2.2368002100847661E-4
1.1415981134632602E-5
1.4248265642891056E-6
4.492538209888153E-5
7.921155884105247E-6
4.0855979023035616E-5
1.9820587476715446E-4
1.8669464907361544E-6
7.053682111290982E-6
3.548555541783571E-4
3.085262733293348E-6
2.5621106033213437E-5
7.055836704239482E-6
1.3962909939380097E-8
8.111203896987718E-6
2.4833927909639897E-6
1.6950596091191983E-6
6.118576129665598E-5
0.636834442615509
2.617390691739274E-6
3.188508708262816E-5
1.6107991541502997E-5
2.626462955959141E-4
5.697087956946234E-8
5.379349659051513E-7
6.967809895286337E-5
0.6188520193099976
5.656082066707313E-6
4.1042014345293865E-5
3.5010769352084026E-5
7.203706786640396E-8
7.810020179022104E-6
2.4558201516811096E-7
1.0969335306754147E-7
5.79330526306876E-6
3.271972673246637E-6
1.2316725042182952E-4
0.03249078989028931
1.1481260116852354E-5
1.182816231448669E-5
9.50199319049716E-5
6.249180296435952E-4
8.551679457013961E-6
4.42325045924008E-7
2.1130722416273784E-6
2.525161562516587E-6
4.144194463151507E-5
2.255847903143149E-6
6.963081250432879E-5
7.801144420227502E-6
7.729737990302965E-5
1.8329586600884795E-4
2.482253194102668E-6
1.1092305794591084E-4
1.9829642042168416E-5
3.024754960279097E-6
6.717498735042682E-8
1.3058084005024284E-4
6.869064236525446E-5
1.2256577974767424E-5
1.9947921100538224E-4
9.050817425304558E-6
9.857524673861917E-6
1.5026330402179155E-6
1.119240332627669E-4
5.952399533271091E-6
2.015835343627259E-5
3.383114017196931E-5
4.039624400320463E-6
6.72699442816338E-8
3.4806485018634703E-6
3.2073212423711084E-6
8.329311640409287E-6
2.166284502891358E-6
5.0699217268856955E-8
0.10368945449590683
8.69315135787474E-6
2.0715728169307113E-5
1.2708342467249167E-7
4.953010648023337E-5
2.039219907601364E-6
8.539877308066934E-5
0.31558066606521606
9.311398753197864E-5
3.311965265311301E-4
6.937876605661586E-6
2.7027426767745055E-5
3.821952559519559E-4
5.926209269091487E-6
1.529954374746012E-6
8.609264114056714E-6
5.2013883760082535E-6
6.582454079762101E-5
1.993613068407285E-6
4.143922706134617E-5
2.569346543168649E-5
5.752449396823067E-6
9.067753126146272E-5
9.612595022190362E-6
5.017450894229114E-5
4.358698788564652E-4
3.0236631118896184E-6
1.124126782769963E-7
3.3006942885549506E-6
3.372136416146532E-5
6.913182204471013E-8
9.036811206897255E-6
6.025705370120704E-4
7.095194632711355E-6
1.9373460418137256E-6
2.2580135919270106E-5
5.071657142252661E-6
9.218884770234581E-6
8.285097123916785E-7
9.774214049684815E-6
1.7142618162324652E-5
1.5813066056580283E-6
3.3239044569199905E-5
5.381014489103109E-6
2.489264588803053E-4
7.040745549602434E-5
5.4123232985148206E-5
2.53370642894879E-4
9.900086297420785E-6
6.968342495383695E-5
3.459129948168993E-5
1.7924560324900085E-6
2.0892966290375625E-7
1.5999349125195295E-4
2.319024315511342E-5
5.90348441619426E-4
1.2919131222588476E-6
3.2721031857363414E-6
6.818648898843094E-7
3.9486229070462286E-5
1.507055276306346E-4
1.5004862507339567E-4
2.4504785756107594E-8
4.083661478944123E-4
1.0550389788477332E-6
6.594527076231316E-5
1.6584225477345171E-6
1.961256657523336E-6
1.8339569578529336E-5
7.514207140957296E-7
3.9525871397927403E-4
1.3810441305395216E-4
3.903574906871654E-5
3.214692333131097E-5
6.211804247868713E-6
5.1460803661029786E-5
0.04271574690937996
5.312184293870814E-5
1.1758032633224502E-4
8.876887136466394E-7
6.934022530913353E-5
6.526187007693807E-6
3.152032513753511E-5
7.969386501827103E-7
1.8554419511929154E-5
1.6469632100779563E-4
6.9272318796720356E-6
1.8835008575024403E-7
7.624376303283498E-5
4.792760228156112E-5
8.064560825005174E-4
3.20727594953496E-5
1.0017705790232867E-5
2.1472478692885488E-5
1.0186760846409015E-5
3.842012290533603E-7
1.576601243868936E-5
5.1031861403316725E-6
1.2596666056197137E-4
3.929827016690979E-6
7.845486038604577E-8
2.3256472559296526E-5
4.2112014489248395E-4
1.0798617950058542E-5
4.4841725888034034E-9
1.93035111806239E-6
2.958038567157928E-5
1.2942825833306415E-7
6.442002359108301E-6
2.4702814016563934E-7
8.163025313479011E-7
5.918867827858776E-5
7.189245479821693E-6
8.691362381796353E-6
1.1691634426824749E-5
2.7627199870039476E-6
2.0429682626854628E-4
5.452930345200002E-4
6.73818722134456E-5
3.612524324125843E-8
5.106092430651188E-6
2.8660855605266988E-5
3.571229535737075E-5
2.4100951122818515E-5
1.324864751950372E-5
8.190182416001335E-5
1.924096723087132E-4
3.0206954761524685E-5
2.2603799152420834E-5
2.8870799084756982E-8
1.7089560060412623E-5
1.1955423542531207E-4
1.5231518091241014E-7
6.888502684887499E-5
1.911990148073528E-5
1.788776135072112E-4
6.962566203583265E-6
4.0752706809144E-6
7.151289901230484E-5
7.637314411113039E-5
1.6690506527083926E-5
2.2708211133704026E-7
2.45628907578066E-5
1.2940869964950252E-5
6.870026481919922E-6
2.026317633863073E-5
4.475084551813779E-6
3.125352304778062E-5
1.4734056321685784E-6
3.643868549261242E-4
4.094093128514942E-6
6.525033313664608E-6
4.5614018745254725E-5
1.3122909194862586E-6
5.464323112391867E-5
7.492864097002894E-5
5.164131289348006E-5
0.0010051230201497674
3.7426634236226164E-8
4.911243856042802E-9
1.4703234774060547E-4
9.837075776886195E-5
8.700570219843939E-7
7.57605375838466E-5
1.1530944175319746E-4
1.6982496163109317E-5
1.6769286048656795E-7
1.2013337027383386E-6
2.2117912521935068E-5
4.403027560329065E-6
2.3747101295157336E-5
3.104193183389725E-6
3.18095953844022E-5
3.3961371173063526E-6
7.26465003708654E-8
4.066178462380776E-6
2.607941314636264E-5
0.0015924593899399042
4.723188339994522E-6
2.8981380637560505E-6
4.8858080845093355E-5
0.3912483751773834
2.3542654162156396E-5
9.5740171673242E-5
8.712793351151049E-5
1.671708196226973E-5
2.7043268346460536E-5
3.7760699342470616E-5
2.28558146773139E-5
9.287643479183316E-5
1.4626454685640056E-5
3.049389761144994E-6
1.0967332491418347E-4
2.2314607122098096E-6
1.0175668876399868E-6
6.51748850941658E-5
5.317936302162707E-5
6.180875061545521E-6
5.625226185657084E-4
1.0404284694232047E-5
3.480562299955636E-4
1.0698673946762938E-8
7.935961548355408E-6
1.0557118912402075E-5
1.6684951333445497E-5
4.5413291081786156E-4
4.1534844058332965E-5
5.494485958479345E-4
3.306199505459517E-4
6.031937118677888E-7
2.657138684298843E-4
7.740806040601456E-8
3.6670640838565305E-5
1.7194902568462567E-7
0.09769417345523834
2.1667628971044905E-6
5.043091846346215E-7
2.306839178345399E-6
5.352030857466161E-4
1.5995505009414046E-6
1.1344693484716117E-4
6.581220191037573E-7
3.4432101529091597E-5
8.545385753677692E-6
2.1634352742694318E-4
1.1982113210251555E-4
1.1408053251216188E-4
3.0432249332079664E-5
8.164007886080071E-5
1.1674946108541917E-5
1.0141917528017075E-6
1.6283123841276392E-5
2.9314059065654874E-4
0.1030445322394371
2.561823566793464E-5
2.7291338483337313E-5
4.952147719450295E-6
2.0734473764605355E-6
8.632906246930361E-5
4.992962931282818E-5
5.115656875886998E-8
2.501275739632547E-4
8.37817060528323E-6
1.2844748198403977E-6
4.285486738808686E-6
1.961377711268142E-5
5.4563515732297674E-5
4.403441096201277E-7
8.500280159751128E-7
5.926145149715012E-6
7.320376198549639E-7
2.4800992832751945E-6
1.0120942170033231E-4
2.9869672289351E-5
8.01087953732349E-5
2.2656822693534195E-5
8.001810783753172E-6
4.837581855099415E-6
1.0072070836031344E-5
2.8451370326365577E-6
1.0572402970865369E-5
3.6691279092337936E-5
4.4916924935023417E-7
2.041896732407622E-5
1.6060585039667785E-7
9.229251190845389E-6
3.615566157577632E-8
1.236038951901719E-5
3.92021429433953E-5
1.0124824257218279E-5
2.3060729859025741E-7
7.597764488309622E-5
4.126354542677291E-5
1.4214262591849547E-5
3.672208549687639E-6
1.321741183346603E-5
8.872358193912078E-6
8.589615390519612E-6
1.79932321771048E-5
0.9160476922988892
3.847416337521281E-6
1.1517211184752796E-8
9.433771992917173E-6
1.0726435295538295E-9
3.1460590435017366E-6
2.2473472927231342E-4
1.1343460073476308E-6
6.384163134498522E-5
6.340868276311085E-5
1.4158464182401076E-5
0.9802969694137573
6.11797659075819E-5
7.27218912288663E-6
3.339451495776302E-6
5.901843451283639E-6
8.074576726357918E-6
3.421701694605872E-5
4.046318053951836E-7
1.4379241974893375E-7
6.406709417206002E-6
2.9691907911910675E-5
0.9677382111549377
3.835593815892935E-6
7.595389206471737E-7
3.314061905257404E-5
7.462091616616817E-6
1.4579786511603743E-4
3.4102478821296245E-5
1.1089706276834477E-5
3.584816568036331E-7
2.904869324993342E-5
6.686733740934869E-6
4.193009601749509E-7
0.7382357716560364
9.351269625312852E-8
3.389943958609365E-5
9.024818609759677E-6
4.621932384907268E-5
1.8091960782840033E-6
3.740063903023838E-6
6.223059608601034E-5
3.782350631809095E-6
1.298235332569675E-7
4.7085944743230357E-7
6.9734214775962755E-6
0.0376991331577301
3.0725648230145453E-6
2.4545586256863317E-6
5.674290264323645E-7
7.395624379569199E-6
2.7230653358856216E-6
8.361549816982006E-7
6.148833926999941E-5
2.7316671094013145E-6
1.276608827538439E-6
3.751047472633218E-8
2.8873098472104175E-6
0.9565271139144897
9.56724655054586E-9
0.9862698912620544
5.1334582167328335E-6
2.235527972516138E-6
3.537411612342112E-5
1.1505709153425414E-5
1.5319646990974434E-5
1.142133328357886E-6
1.2016265316106E-7
6.372607330717983E-9
4.571053523250157E-6
4.677847300627036E-6
5.745585553995625E-7
1.1806957900262205E-6
2.636218823681702E-6
3.834710469163838E-7
1.8867954167944845E-6
1.3108153325447347E-5
3.508258927809038E-8
9.046087257047475E-7
3.395347903278889E-6
2.2423801055992953E-5
2.1077596557006473E-6
2.5640999865572667E-6
1.4917016244453407E-7
2.707798330447986E-6
1.2551641930258484E-6
3.145252321701264E-6
1.5040504877106287E-6
2.0841778081148732E-8
3.753514121740409E-8
1.6742402522140765E-6
1.0821900708890553E-8
9.269149359170115E-7
1.425262053089682E-5
2.280924249475902E-8
7.168701472437533E-7
3.660654002146657E-8
3.0981976806288003E-7
7.290429948625388E-8
1.7487529930804158E-6
2.1829222873748222E-8
7.93669244103512E-7
9.837858669925481E-7
1.0044107057183282E-6
7.053775448184751E-7
3.239529755560966E-9
2.3059094189648022E-8
3.1487596174883947E-7
1.5788948815043113E-7
2.4612416549274485E-9
3.1678061418460857E-7
6.758513393378962E-8
1.4475674561253982E-6
5.555240889520974E-8
1.3120229596097488E-6
2.8330143209132075E-7
4.1736421962923487E-7
5.287287763167114E-7
6.081891683606955E-7
9.721522786776404E-8
1.3730830694669294E-8
3.864912230255868E-7
2.29763244874448E-7
8.226840009228908E-8
1.0558531471360766E-7
1.477570492625091E-7
2.3166126084106509E-7
2.136901855465112E-8
1.3871632731365935E-8
5.092139154783126E-9
1.2228323909013739E-10
