Phenylpropanoids and polyketides
0.0011735736625269055
6.585621740669012E-4
5.306274397298694E-4
2.1849926270078868E-4
3.246651976951398E-5
5.951094208285213E-4
9.234290337190032E-4
0.0010879978071898222
2.015431091422215E-4
9.146836237050593E-4
3.983251517638564E-4
6.078829173929989E-4
0.0017098075477406383
4.0099569014273584E-4
5.910642212256789E-4
2.6234029792249203E-4
6.331971380859613E-4
0.0012005846947431564
3.010439104400575E-4
8.717537275515497E-4
0.002263035625219345
6.867960328236222E-4
1.7737601592671126E-4
3.440768632572144E-4
2.9423984233289957E-4
0.003919766750186682
5.784026579931378E-4
1.6757431149017066E-4
1.6221236728597432E-4
6.988611858105287E-5
6.69012195430696E-4
9.080118034034967E-4
5.267942906357348E-4
0.0010678269900381565
7.032351568341255E-4
2.9837177135050297E-4
3.2138527603819966E-4
0.0013509675627574325
0.00317684980109334
3.5064920666627586E-4
6.939374725334346E-4
6.795070366933942E-4
0.0016355111729353666
3.5675353137776256E-4
1.6216291987802833E-4
7.120597292669117E-4
2.2474120487459004E-4
1.318738650297746E-4
1.0272800864186138E-4
4.074130265507847E-4
7.373429252766073E-4
0.0023071416653692722
0.0011788165429607034
9.0667926997412E-5
0.0027258526533842087
2.740698109846562E-4
0.003746276954188943
1.448039838578552E-4
9.1787229757756E-4
9.056410053744912E-4
2.359524805797264E-4
6.805099837947637E-5
4.0612119482830167E-4
0.0011521999258548021
6.23436935711652E-4
0.0013930614804849029
7.330657099373639E-4
0.001826643361710012
0.0013396719004958868
3.551571280695498E-4
8.241185423685238E-5
6.532816332764924E-4
0.005743188783526421
0.0024271479342132807
2.0843424135819077E-4
2.3611728101968765E-4
0.0016568372957408428
0.007120254449546337
8.452762849628925E-4
2.890873292926699E-4
6.885556504130363E-4
0.0012577564921230078
0.0038840577472001314
1.0626738367136568E-4
1.391793048242107E-4
0.0028384204488247633
7.511205039918423E-4
0.0010976428166031837
0.003988560289144516
6.629448034800589E-4
3.1293314532376826E-4
2.456611837260425E-4
0.0015613987343385816
3.9129203651100397E-4
0.0018248389242216945
8.082733256742358E-4
1.4675475540570915E-4
1.3222036068327725E-4
1.295646943617612E-4
2.9026862466707826E-4
3.5557610681280494E-4
2.191692328779027E-4
3.537960001267493E-4
9.516830323264003E-5
1.4018338697496802E-4
1.9829678058158606E-4
6.322147673927248E-4
8.838497888064012E-5
1.7571027274243534E-4
1.4168891357257962E-4
2.961040008813143E-4
1.4225003542378545E-4
0.0033963818568736315
4.5874895295128226E-4
1.2462549784686416E-4
7.181058754213154E-5
2.8968913829885423E-4
1.7503720300737768E-4
0.0013630723115056753
0.013840226456522942
3.6640733014792204E-4
1.1747161624953151E-4
7.5243302853778E-4
0.007247856818139553
2.351207658648491E-4
4.120537778362632E-4
1.4847691636532545E-4
8.840402006171644E-4
2.287181414430961E-4
0.03755756467580795
9.008717606775463E-4
0.07962465286254883
3.99942189687863E-4
0.0010732747614383698
0.002398534445092082
3.385361051186919E-4
2.625636989250779E-4
4.2522631702013314E-4
0.024126924574375153
5.670987884514034E-4
1.3039579789619893E-4
0.005540724843740463
3.4564980887807906E-4
3.902318130712956E-4
0.00118643743917346
0.018492097035050392
2.5160194491036236E-4
2.111552603309974E-4
6.14880642388016E-4
0.007275265641510487
8.028449956327677E-4
1.729098876239732E-4
0.0014526512240990996
2.464551944285631E-4
1.2780935503542423E-4
2.422535908408463E-4
2.818808425217867E-4
4.875958547927439E-4
1.2571676052175462E-4
2.822435344569385E-4
2.475555520504713E-4
2.648326917551458E-4
1.8019323761109263E-4
0.006312780547887087
0.0016101091168820858
1.7724987992551178E-4
3.5821550409309566E-4
4.639762337319553E-4
0.015835054218769073
0.002647906308993697
0.0035938697401434183
0.02094806171953678
7.704920717515051E-4
3.068537334911525E-4
0.010800455696880817
6.81529170833528E-4
0.0014252031687647104
0.0012709216680377722
0.0027133235707879066
1.3727853365708143E-4
9.309045854024589E-4
7.268115296028554E-4
0.001283968798816204
0.008295726031064987
4.42508899141103E-5
0.0031497857999056578
0.003800050588324666
0.0037437202408909798
0.001866912585683167
0.11805900186300278
0.004162258934229612
0.007091161794960499
0.010090847499668598
0.02729024738073349
4.2144814506173134E-4
8.9410794316791E-5
5.911284242756665E-4
3.625395765993744E-4
8.089703624136746E-4
3.7995149614289403E-4
2.128976339008659E-4
0.0010004002833738923
0.04773516580462456
3.6866316804662347E-4
2.992409572470933E-4
3.301324031781405E-4
0.0020210908260196447
1.3431560364551842E-4
0.002552047837525606
4.261933790985495E-4
0.0019876600708812475
0.025333477184176445
1.0046678653452545E-4
0.005446216091513634
2.1708817803300917E-4
1.9351780065335333E-4
0.013380042277276516
6.868007476441562E-4
4.470617277547717E-4
2.5794250541366637E-4
7.774197147227824E-4
0.0012750538298860192
0.002361743710935116
2.9404734959825873E-4
0.010724825784564018
0.0036242359783500433
0.00207379343919456
2.904147549998015E-4
4.604322894010693E-4
0.008278549648821354
0.0017897268990054727
0.008078287355601788
0.008443809114396572
3.06718866340816E-4
8.758138865232468E-4
1.1145658936584368E-4
0.06453394144773483
0.017344411462545395
1.6558350762352347E-4
0.00951492227613926
3.187771944794804E-4
0.00421202601864934
6.922539323568344E-4
3.690853773150593E-4
2.1514347463380545E-4
0.4694960415363312
0.02952156588435173
0.010666035115718842
7.096125627867877E-4
6.720679230056703E-4
0.002483932999894023
0.13290707767009735
2.469907922204584E-4
1.2205785606056452E-4
3.425324393901974E-4
0.003689343109726906
0.001161841326393187
0.02623109705746174
0.009457660838961601
0.0010650127660483122
9.491784294368699E-5
0.001358063775114715
0.009138812310993671
0.0014046786818653345
0.00424319738522172
6.066197529435158E-4
1.1680040915962309E-4
2.443079138174653E-4
4.143079277127981E-4
2.1418662799987942E-4
0.005640164017677307
0.022891053929924965
2.169823128497228E-4
0.003844356397166848
0.0069701396860182285
0.0018731331219896674
1.5751682803966105E-4
8.79693659953773E-4
0.0037091453559696674
0.0033779493533074856
0.011493468657135963
0.02776915766298771
0.06566157191991806
0.0024395412765443325
2.1816600929014385E-4
0.0030969553627073765
2.9092756449244916E-4
2.05997348530218E-4
0.11375262588262558
0.0015004933811724186
0.0016959798522293568
5.356339388526976E-4
0.006906753405928612
3.9497381658293307E-4
0.11623381823301315
0.00422486150637269
0.01935497857630253
1.2297222565393895E-4
0.01276124082505703
0.0011178989661857486
1.666322787059471E-4
2.3483533004764467E-4
0.09702638536691666
0.0043581160716712475
0.04732874408364296
7.450918783433735E-4
4.5774949830956757E-4
0.0013307350454851985
0.001917787129059434
8.315732120536268E-4
0.17062343657016754
0.003882173215970397
0.004964630585163832
6.758953677490354E-4
0.0012660608626902103
0.004590478725731373
4.330013180151582E-4
2.024979767156765E-4
0.0012586105149239302
3.060992748942226E-4
8.9703977573663E-4
0.20764248073101044
1.825302460929379E-4
0.0024405494332313538
0.005783660802990198
8.730601985007524E-5
4.087490087840706E-4
0.004330753348767757
0.0017643527826294303
1.281959848711267E-4
2.0109674369450659E-4
0.009360459633171558
3.995759107056074E-5
9.174778824672103E-5
0.025457166135311127
1.0334778926335275E-4
0.011839956045150757
9.633088484406471E-5
9.333350462839007E-4
1.3882819621358067E-4
0.0015660851495340466
2.627828507684171E-4
7.446092204190791E-4
0.004915543366223574
4.723519668914378E-5
0.003128381911665201
0.006746988743543625
1.2601590424310416E-4
4.0988766704685986E-4
0.0010351956589147449
1.442539505660534E-4
0.0016691447235643864
0.023717686533927917
0.005530212540179491
8.251358667621389E-5
8.36833132780157E-5
8.785551181063056E-4
2.9422130319289863E-4
2.3587114992551506E-4
9.507345966994762E-4
0.011577353812754154
8.023046393645927E-5
0.0028515930753201246
0.001040659029968083
0.15256132185459137
0.012532765045762062
5.287328385747969E-4
1.8579470633994788E-4
0.0017081258120015264
0.0024465778842568398
9.925063932314515E-5
0.006885443814098835
0.0016645645955577493
9.522856562398374E-4
1.9124368554912508E-4
3.0821020482107997E-4
1.8568184168543667E-4
9.147129458142444E-5
0.0033881000708788633
0.013835171237587929
5.568272317759693E-4
8.478574454784393E-4
0.002094428287819028
2.509397454559803E-4
2.2940109192859381E-4
5.078866961412132E-4
8.593232632847503E-5
1.0034468141384423E-4
0.009832197800278664
2.881819091271609E-4
0.2272682934999466
0.018529271706938744
1.9932414579670876E-4
0.013740062713623047
1.7989895422942936E-4
0.030468052253127098
7.442848873324692E-4
0.095452681183815
1.9598976359702647E-4
2.6098053785972297E-4
0.0024983289185911417
2.3373107251245528E-4
8.28790944069624E-5
4.4719799188897014E-4
0.002521195448935032
2.2379745496436954E-4
7.579937810078263E-4
0.001587814069353044
0.250299334526062
3.686122945509851E-4
6.110051181167364E-4
8.715884177945554E-5
8.487423474434763E-5
1.4322134666144848E-4
1.1931201152037829E-4
1.6897170280572027E-4
0.0035950858145952225
9.773321653483436E-5
3.926882054656744E-4
0.006015006918460131
0.004570980090647936
0.0019142570672556758
0.0528230220079422
2.643366460688412E-4
0.689694344997406
2.3737760784570128E-4
8.528753824066371E-5
4.609906463883817E-4
3.813993826042861E-4
1.3801627210341394E-4
2.0669455989263952E-4
8.021732792258263E-4
9.768969903234392E-5
0.22761747241020203
8.537769317626953E-4
0.0049286955036222935
5.7952140195993707E-5
8.279656321974471E-5
0.0053388080559670925
8.424632687820122E-5
0.0199861042201519
1.9953127775806934E-4
0.005299381911754608
0.003336511552333832
0.0014262597542256117
2.8983643278479576E-4
0.008453014306724072
8.496663940604776E-5
0.08787521719932556
0.002145162085071206
0.0361378937959671
2.1669142006430775E-4
0.03515008091926575
0.001940605347044766
1.8297357019037008E-4
0.003076489083468914
1.8442791770212352E-4
1.0031535202870145E-4
0.002148672239854932
1.780223974492401E-4
0.0048663723282516
0.014592183753848076
0.012168358080089092
0.003874122630804777
0.0014031653990969062
0.01537426095455885
5.867317668162286E-4
0.4813307225704193
0.0034829447977244854
0.031908050179481506
0.003348411526530981
0.08831049501895905
1.0219049727311358E-4
0.0041946773417294025
9.652175504015759E-5
7.689565973123536E-5
0.009763997048139572
7.551767048425972E-4
2.2877099399920553E-4
2.2285013983491808E-4
0.006353008095175028
4.995458875782788E-4
0.0013436350272968411
6.63801038172096E-5
0.0025167143903672695
0.003910390194505453
7.65480799600482E-5
6.607752293348312E-4
0.0013895247830078006
9.987616213038564E-4
2.829498262144625E-4
2.5432504480704665E-4
0.0011883192928507924
0.0016027422389015555
0.5808262228965759
0.0012947655050083995
5.537514225579798E-4
5.951276398263872E-4
0.0017942043486982584
0.0073000178672373295
4.951686132699251E-4
2.670018875505775E-4
1.9700013217516243E-4
0.07263500243425369
9.639303898438811E-4
0.0024359729140996933
0.004153109155595303
0.0052097756415605545
2.3675370903220028E-4
0.1672571301460266
0.005054406356066465
1.9941852951887995E-4
2.961221325676888E-4
0.00443032244220376
1.5109714877326041E-4
4.619071842171252E-4
4.030972486361861E-4
0.05773187056183815
8.611888042651117E-4
5.382282542996109E-4
0.01183643750846386
3.6050035851076245E-4
0.0018452975200489163
0.0013281068531796336
0.008929857052862644
0.014684025198221207
0.0120267728343606
0.026405686512589455
0.0049540321342647076
1.916393230203539E-4
0.0095377741381526
0.0014910794561728835
0.012368328869342804
0.0011479087406769395
8.351106662303209E-4
0.016301613301038742
0.8402552604675293
1.8053321400657296E-4
0.004286960233002901
0.0012922669993713498
8.116570534184575E-4
0.02324480563402176
0.013384310528635979
0.00667066965252161
0.11130353808403015
0.005169594660401344
0.004592267330735922
4.0133463335223496E-4
2.9875399195589125E-4
0.009243419393897057
0.0016420306637883186
0.005842042621225119
0.0045363083481788635
0.002793482504785061
0.002488217782229185
0.034300874918699265
3.770801704376936E-4
3.426038892939687E-4
0.0020665007177740335
1.5663709200453013E-4
0.008090201765298843
3.4458001027815044E-4
0.02151535637676716
2.1841413399670273E-4
0.1707182675600052
0.009156560525298119
0.028714098036289215
0.010496525093913078
2.807787386700511E-4
0.010853763669729233
0.0025341373402625322
0.010670126415789127
0.00115362205542624
0.010344238951802254
0.017614591866731644
0.043100837618112564
0.015378124080598354
5.829188739880919E-4
1.943968964042142E-4
0.013543298467993736
0.03404612839221954
0.004683562088757753
0.001820528064854443
0.3064059019088745
3.436385886743665E-4
0.002848890842869878
0.024030320346355438
4.2117087286897004E-4
0.004596501123160124
2.090869384119287E-4
0.0011839668732136488
0.048300303518772125
0.004395394120365381
5.674511776305735E-4
7.913688896223903E-4
1.4264453784562647E-4
0.3989800810813904
8.209837833419442E-4
4.7619163524359465E-4
0.44740960001945496
3.457517013885081E-4
4.5794446486979723E-4
0.005860327742993832
0.0016654866049066186
3.0236432212404907E-4
8.941823034547269E-4
1.8680584616959095E-4
0.0012195223243907094
0.011499016545712948
0.008917924016714096
0.0032116123475134373
8.534135413356125E-4
7.205652655102313E-4
0.4806651175022125
1.529155415482819E-4
6.06792455073446E-4
0.005038995761424303
0.001365742413327098
0.016788695007562637
0.024914855137467384
0.013196407817304134
0.0023938023950904608
0.003751651383936405
0.011137807741761208
0.0018747759750112891
0.0015477893175557256
0.001610961859114468
7.293543894775212E-4
0.00834691897034645
0.014717178419232368
0.0023935174103826284
0.0010678935796022415
1.8081012240145355E-4
0.009995630010962486
0.001734880032017827
0.006964654661715031
3.8098901859484613E-4
1.168938324553892E-4
1.381429610773921E-4
0.006802699062973261
0.004392413888126612
2.623966720420867E-4
3.2073966576717794E-4
1.9589198927860707E-4
7.240341074066237E-5
0.0731821209192276
0.013178372755646706
0.07922855764627457
0.0038611660711467266
0.009240175597369671
0.022854823619127274
0.0031807394698262215
0.011715468019247055
0.00972488522529602
0.020411400124430656
0.2579283118247986
0.006161936093121767
3.5399734042584896E-4
0.015573753044009209
0.0022541473153978586
9.723925904836506E-5
0.0018723333487287164
0.017136799171566963
0.006422807928174734
0.003750626463443041
0.05111153423786163
0.0017903029220178723
0.026363682001829147
0.0016170801827684045
0.008278809487819672
1.3126747217029333E-4
0.00799361988902092
0.0043990216217935085
0.003928434569388628
0.010607307776808739
0.019018732011318207
0.003592523280531168
0.02102609910070896
0.013330272398889065
0.002872318495064974
7.16631708201021E-4
0.003023218596354127
0.018417691811919212
0.00318762450478971
0.014650991186499596
0.011601586826145649
6.4609877881594E-5
2.9581162380054593E-4
9.799371473491192E-4
0.07313704490661621
0.013268263079226017
0.04518386349081993
0.0023719773162156343
0.0026342440396547318
3.86377505492419E-4
6.234071042854339E-5
0.05109144374728203
0.0010876671876758337
0.0021379641257226467
1.4603769523091614E-4
0.12084411084651947
7.944666431285441E-4
9.515270357951522E-4
6.171681452542543E-4
0.005447290372103453
0.10719015449285507
0.08083436638116837
0.0022403006441891193
0.013168003410100937
0.004531303886324167
1.5923811588436365E-4
0.015780724585056305
0.0016333542298525572
1.9149442960042506E-4
0.0020304867066442966
0.003562833182513714
0.004130583256483078
0.016236742958426476
7.905034581199288E-4
0.006754920352250338
6.422161823138595E-4
2.353493619011715E-4
0.0011055856011807919
0.03990163654088974
0.007775876205414534
3.013555833604187E-4
0.14075921475887299
1.351907558273524E-4
0.0018681527581065893
0.011579398065805435
5.159489810466766E-4
0.0018030174542218447
0.16076557338237762
0.004442278761416674
3.345926234032959E-4
0.001031012856401503
0.002208069432526827
2.928232424892485E-4
0.016593700274825096
0.012206965126097202
4.4025626266375184E-4
0.003744725603610277
0.006856253836303949
0.015459648333489895
0.0031852414831519127
0.0054222214967012405
0.13111506402492523
0.00727328984066844
0.020334606990218163
7.216415251605213E-4
0.006461722776293755
0.024145089089870453
0.012994849123060703
8.691144757904112E-4
1.5062028251122683E-4
2.804732648655772E-4
0.0030408005695790052
1.9711570348590612E-4
0.002608873415738344
0.0633033737540245
0.026445407420396805
0.0018246420659124851
6.217904156073928E-4
0.02222297526896
0.03304987773299217
0.46472835540771484
8.804994868114591E-4
6.759620737284422E-4
1.9110146968159825E-4
0.03758151829242706
6.772092892788351E-4
0.023687537759542465
0.01387084275484085
0.0036436752416193485
0.009603718295693398
0.0010606287978589535
0.006922775413841009
0.04376453161239624
1.2278924987185746E-4
5.099319969303906E-4
0.0012814216315746307
0.01683349348604679
0.29289019107818604
0.006699962541460991
6.658427300862968E-4
0.13774336874485016
9.739877423271537E-4
0.018406497314572334
0.11914680898189545
0.0038146658334881067
0.02613695152103901
0.015613000839948654
1.4780074707232416E-4
0.010601762682199478
0.4954216480255127
0.015970829874277115
0.8845642805099487
0.010459345765411854
4.256489919498563E-4
2.559142012614757E-4
2.4830791517160833E-4
0.4698375165462494
0.05606095865368843
0.0033364377450197935
4.187334852758795E-4
0.012446166947484016
0.010149700567126274
0.0014705751091241837
0.0038185883313417435
3.422767040319741E-4
0.005335757043212652
0.009257560595870018
0.13999444246292114
0.004541109316051006
0.31497493386268616
2.831610618159175E-4
5.145649774931371E-4
0.2021978795528412
6.518998998217285E-5
0.0012921364977955818
0.0019777489360421896
0.20292985439300537
0.018029838800430298
0.03423229232430458
0.004385779146105051
4.1834957664832473E-4
5.226350040175021E-4
0.010710876435041428
0.24596163630485535
1.8798772362060845E-4
0.7528416514396667
0.0015617328463122249
5.037545342929661E-4
0.021981170400977135
0.019475338980555534
0.007404240779578686
0.0015599873149767518
3.2291238312609494E-4
8.412231109105051E-4
4.944821121171117E-4
3.455395344644785E-4
0.003992658574134111
0.19846579432487488
0.001867124461568892
0.004947594366967678
0.13438716530799866
0.006662003230303526
0.017114391550421715
0.9379048943519592
1.3425596989691257E-4
0.001347300480119884
6.556447478942573E-4
8.443640545010567E-4
6.092244293540716E-4
0.3070806562900543
0.019776470959186554
5.779193597845733E-4
6.813539075665176E-4
0.0020407710690051317
7.073278538882732E-4
0.18760909140110016
0.038958463817834854
3.8972662878222764E-5
0.0022168122231960297
0.15773198008537292
0.9832640290260315
1.2864606105722487E-4
0.006021995097398758
0.025950223207473755
0.010629239492118359
0.0029041916131973267
0.25429680943489075
0.25594016909599304
0.002009666059166193
2.3733284615445882E-4
0.00815426092594862
0.020386727526783943
0.05133376643061638
0.0075560035184025764
0.0057100835256278515
0.6821591854095459
0.014576674439013004
0.3600008189678192
0.17790548503398895
0.045237984508275986
0.0020441936794668436
0.00683180894702673
0.139876127243042
0.003523685969412327
4.0238251676782966E-4
0.9336224794387817
0.0032080027740448713
0.002110440982505679
0.03490410000085831
1.0389930685050786E-4
5.959236295893788E-4
0.06530137360095978
0.8850592374801636
0.001574427355080843
0.08107608556747437
0.02794247306883335
0.001954246312379837
3.113753336947411E-5
0.07789494097232819
0.005437038838863373
0.021843912079930305
0.08404476195573807
0.033260807394981384
0.15661752223968506
0.003716147504746914
0.1523437649011612
1.5352772607002407E-4
0.683387041091919
1.2259039795026183E-4
0.042732123285532
1.0706548346206546E-4
0.001176407327875495
2.5436142459511757E-4
0.2565075159072876
7.865825900807977E-4
0.008249531500041485
2.4958152789622545E-4
0.0060356901958584785
6.203670636750758E-4
0.048636678606271744
3.801216371357441E-4
0.0013279825216159225
0.015376284718513489
0.16709470748901367
0.7865042686462402
0.004354126751422882
0.034506797790527344
0.002389520173892379
0.014178126119077206
0.16842162609100342
0.19478683173656464
0.0025965555105358362
7.450107659678906E-5
0.2914813756942749
0.44318199157714844
0.0022396654821932316
0.6506054997444153
0.004359971731901169
5.562688456848264E-4
1.3414205750450492E-4
0.35138899087905884
0.02482203207910061
0.0013819384621456265
5.296873860061169E-4
2.5283926515839994E-4
2.1106572239659727E-4
0.8294848799705505
0.0012032499071210623
0.17900727689266205
1.5496926789637655E-4
0.251878023147583
0.005929901264607906
0.002798397559672594
0.0030565515626221895
0.08999762684106827
0.03651992976665497
2.1996279247105122E-4
9.659057104727253E-5
0.43001145124435425
2.677740412764251E-4
0.12121065706014633
7.62165363994427E-5
0.7067254185676575
0.15329919755458832
0.4754427373409271
0.00733952084556222
0.0011785289971157908
0.0662095844745636
0.001957779284566641
6.184297380968928E-4
0.003410563338547945
0.004923191387206316
0.9069939255714417
0.001300291856750846
4.758595605380833E-5
0.0028580622747540474
9.092174004763365E-4
0.9299972653388977
1.0529135579417925E-5
0.004329879302531481
0.01262663397938013
1.9537483240128495E-5
0.0728912204504013
8.702973136678338E-4
0.848712146282196
1.860279735410586E-5
0.010218340903520584
0.00997564010322094
0.9002785086631775
0.11725099384784698
0.5388559699058533
3.1692328047938645E-4
2.290808188263327E-4
3.4052991395583376E-5
0.8905159831047058
0.13610489666461945
9.829013288253918E-5
0.0027252023573964834
0.008767117746174335
3.2657443080097437E-4
0.6022344827651978
0.002751397667452693
0.027600122615695
0.9373436570167542
2.0641449373215437E-4
0.9600926041603088
0.019092096015810966
3.8962392864050344E-5
5.298194810166024E-5
4.726045881398022E-5
6.026494666002691E-4
0.46455004811286926
3.9182943874038756E-4
3.904172917827964E-4
0.4058857858181
3.4176924964413047E-4
0.6073157787322998
0.0016645333962514997
4.5437365770339966E-4
0.9404605627059937
0.006715526804327965
5.023624980822206E-4
0.9359555244445801
2.7885547024197876E-4
0.7125532627105713
0.9037572145462036
0.7995799779891968
0.03712061420083046
0.02704162336885929
4.257933178450912E-4
1.1590672511374578E-4
0.0016144259134307504
6.66788182570599E-5
2.3616155885974877E-5
1.4318209650809877E-5
0.9983937740325928
0.8740042448043823
0.21115072071552277
5.304977094056085E-5
0.8443573713302612
0.0018923344323411584
0.00186813878826797
2.377695454924833E-5
0.9574395418167114
0.9536881446838379
9.841343126026914E-5
1.0596824722597376E-4
2.4013523943722248E-4
0.014836733229458332
9.048235369846225E-5
1.909345737658441E-4
6.392171053448692E-5
9.032808593474329E-4
0.9969649314880371
0.019220707938075066
0.9659568071365356
0.9885672330856323
3.0391547625185922E-5
0.001073469058610499
0.017027152702212334
0.9517357349395752
0.9819997549057007
3.751126996576204E-6
0.001007185666821897
0.973815381526947
6.188328825373901E-6
0.997238039970398
0.0010551740415394306
5.574082479142817E-6
0.9977048635482788
2.5191671738866717E-5
0.0011697656009346247
0.9110240936279297
4.0683746919967234E-4
3.109125536866486E-4
0.0036043752916157246
0.9671226739883423
0.9846152663230896
0.0030995002016425133
1.7679072925602668E-6
0.9338517189025879
5.3951498557580635E-5
3.0464705560007133E-5
7.498033482988831E-7
4.299143256503157E-5
0.966910719871521
0.005133691243827343
5.952899809926748E-4
0.005252649541944265
2.4082233721856028E-5
0.9954655766487122
0.9969273209571838
0.9881505966186523
2.2991416699369438E-5
0.9998865723609924
0.8892306089401245
0.988471508026123
0.7274401187896729
0.9936023354530334
0.9893946647644043
0.9144912958145142
0.001912714447826147
0.0013265467714518309
0.999290406703949
0.9999192953109741
