Polycyclic hydrocarbons
2.340975152037572E-5
1.133121349994326E-5
1.0513901361264288E-4
3.3189039641001727E-6
2.530764049879508E-6
1.1686867765092757E-5
1.7073843991965987E-5
6.856936124677304E-6
1.3246057051219395E-6
5.620544015982887E-6
2.0868477804469876E-5
4.986449857824482E-5
3.7060657632537186E-5
1.6351552403648384E-5
1.0841551556950435E-5
5.249532023299253E-6
1.7537246094434522E-5
7.381063369393814E-6
2.5530071070534177E-6
1.2996599252801389E-5
8.635775884613395E-6
2.680637589946855E-5
1.7986818420467898E-5
1.1629082109720912E-5
1.2236630027473439E-5
4.097733835806139E-5
4.6395784920605365E-6
3.0437799068749882E-5
7.6133669608680066E-6
5.265231266093906E-6
6.207987439665885E-7
1.0659192412276752E-5
4.183883447694825E-6
2.4074261091300286E-6
6.553092134709004E-6
4.419899050844833E-5
4.722257472167257E-6
3.1759525427332846E-6
2.7898688131244853E-5
5.053617314842995E-6
1.6950796634773724E-5
1.3978252354718279E-5
5.1884276217606384E-6
5.598369625658961E-6
1.4512966117763426E-5
2.2021080440026708E-5
1.896355825010687E-4
1.485459870309569E-5
6.852654678368708E-6
4.1925948607968166E-5
1.409935975971166E-5
3.287464642198756E-5
1.9031522242585197E-5
4.24468044002424E-6
8.853978215483949E-6
5.992043952574022E-6
2.0751449483213946E-5
4.151100438321009E-5
3.120338078588247E-5
3.114512310276041E-6
1.1046615327359177E-5
1.6251477745754528E-6
6.491807653219439E-6
9.032252819451969E-6
4.308107236283831E-6
1.435624471923802E-5
7.735051440249663E-6
2.564341775723733E-5
6.891958037158474E-6
4.109415749553591E-5
2.2685112526232842E-6
3.6983714380767196E-5
6.005614977766527E-6
2.81041639027535E-6
2.5846641165117035E-6
3.4838271858461667E-6
4.989493845641846E-6
6.334538284136215E-6
1.0869917787204031E-5
1.1408096725062933E-5
7.977426139404997E-5
2.3363752916338854E-5
6.319664862530772E-6
4.04679440180189E-6
4.064383119839476E-6
2.1380410544225015E-6
1.309157523792237E-4
1.0177966942137573E-5
1.5610796253895387E-5
1.7227786884177476E-5
1.4174827811075374E-5
1.8650365745997988E-5
1.1690625797200482E-5
7.536440971307456E-4
2.378501812927425E-5
3.350444046645862E-7
7.292791451618541E-6
7.168413958424935E-6
7.0456212597491685E-6
3.1358038086182205E-6
8.551600330974907E-6
5.060918738308828E-6
5.27474912814796E-6
2.9722732719505984E-8
4.503173840930685E-6
8.185297338059172E-5
7.6150412496645E-5
8.953233532338345E-7
1.695246646704618E-5
6.229608061403269E-6
1.7661601305007935E-5
4.453946473859105E-7
3.497674470054335E-6
9.729290468385443E-6
5.639454343508987E-7
2.510108515707543E-6
6.096269657973608E-7
1.3726166798733175E-6
2.0967206637578784E-7
5.2858260460197926E-5
2.67011614596413E-6
2.0993925318180118E-6
6.253143851608911E-7
3.6498142435448244E-5
2.6582685677567497E-5
3.7076979424455203E-6
2.7051328288507648E-6
1.321155082223413E-6
6.885202310513705E-6
9.681779374659527E-6
4.871046257903799E-6
1.1528120376169682E-4
8.53228266350925E-6
1.237830292666331E-4
1.3828188457409851E-5
2.032455540756928E-6
1.8566855715107522E-6
3.9859028220234904E-6
4.207089659757912E-5
1.587924634804949E-5
7.847754091017123E-7
6.291862064244924E-6
3.490356539259665E-5
9.195375241688453E-6
5.220530510996468E-6
1.714559766696766E-5
1.5041036022012122E-5
1.187986163131427E-5
1.3019713151152246E-5
2.4290326109621674E-5
1.730025360302534E-5
1.6834783309604973E-6
2.5267181058552524E-7
6.910357797096367E-7
2.9586713026219513E-6
5.435436378320446E-6
2.3455695554730482E-5
2.542186302889604E-5
3.4584777495183516E-6
2.498876528989058E-5
3.535645419106004E-6
1.5312711184378713E-5
2.5263120733143296E-6
3.423154339543544E-5
1.2311736099945847E-5
1.2777284609910566E-5
2.391589760009083E-6
1.9547301235434134E-6
4.0966497181216255E-5
2.2827264274383197E-6
1.6294976603603573E-6
1.3205906725488603E-5
1.5288453141693026E-5
4.12881672673393E-6
5.606507693300955E-5
1.6994730685837567E-4
3.9154354453785345E-5
9.822292668104637E-6
5.573062480834778E-6
6.362781732605072E-7
3.3933724807866383E-6
1.3415355169854593E-5
2.5377917154401075E-6
0.0016317297704517841
2.5057101993297692E-6
7.0270730248012114E-6
4.105851985514164E-6
0.0010045923991128802
1.2745313142659143E-6
1.7687487343209796E-5
4.0641061787027866E-5
2.1517265849979594E-5
9.259212674805894E-6
1.0876993655983824E-5
1.1144184099975973E-5
2.7483542908157688E-6
2.817826134560164E-5
2.940034164566896E-6
3.4223673992528347E-6
6.711098649248015E-6
2.054494643743965E-6
1.927891280502081E-4
1.508484456280712E-5
9.218858849635581E-7
7.165304850786924E-6
7.727430784143507E-5
2.9124022694304585E-4
2.1282910438458202E-6
1.4950269360269886E-5
7.080305658746511E-5
1.974104634427931E-5
4.611625990946777E-5
3.2106413527799305E-8
4.51318861451E-4
2.2686349439027254E-6
1.8732893067863188E-6
1.028301539918175E-5
1.7482105249655433E-5
2.411431296422961E-6
1.387002498631773E-6
1.6266298189293593E-5
9.834910997597035E-6
1.3185282114136498E-5
1.0595887033559848E-5
4.385702595754992E-6
1.86967463378096E-5
3.389754783711396E-5
8.799675015325192E-6
2.276997065564501E-6
5.1997544687765185E-6
4.117544904147508E-6
0.00124264950864017
1.0786026541609317E-4
2.6256961973558646E-6
2.760867755569052E-5
1.7657059743214631E-6
2.0455032426980324E-5
5.842637619934976E-6
1.6503556707903044E-6
1.3839968232787214E-5
3.068311571041704E-6
3.8243655353653594E-7
1.7542379282531328E-6
4.540146164799808E-6
1.4802100167798926E-6
6.7302626121090725E-6
5.739568587159738E-5
3.678794382722117E-5
1.7195443433593027E-5
2.3845743726269575E-6
3.810874477494508E-5
1.309586082243186E-6
1.2638740827242145E-6
1.7430213574698428E-6
1.248180979018798E-6
5.7281722547486424E-5
3.1919137200020486E-6
7.885741979407612E-6
1.3033441064180806E-5
1.1623992759268731E-4
6.014477662574791E-7
2.3792299543856643E-6
1.4876695786369964E-6
2.414448943000025E-7
1.0034493698185543E-6
9.454639098294138E-7
2.347514282519114E-6
1.8060535467157024E-6
2.299636889802059E-6
1.2405025699990802E-6
2.4017790565267205E-6
1.3680324627785012E-5
6.786684025428258E-6
6.894365469634067E-6
1.4767602806387004E-5
3.3765572879929096E-6
1.8559230738901533E-6
2.3236202650878113E-6
8.803032869764138E-6
3.0577114102925407E-6
1.5999461538740434E-5
7.098704372765496E-5
6.430592293327209E-6
9.56831809162395E-6
1.7524644135846756E-6
8.174049435183406E-4
8.663687367516104E-6
8.41536063944659E-7
1.4311299310065806E-4
1.9188984879292548E-5
6.999807283136761E-6
2.4530868358851876E-6
9.621622893973836E-7
4.5700395276071504E-5
5.571526457970322E-7
1.2742171406898706E-7
1.9640567188616842E-5
1.134338162955828E-6
5.765366495324997E-6
4.849566612392664E-4
3.187538197835238E-7
3.0672072171000764E-6
3.602038850658573E-5
5.661112300003879E-5
9.075408797798445E-7
2.32443017011974E-6
1.065420019585872E-5
1.4519464457407594E-6
1.805499050533399E-5
7.030491246950987E-7
1.5010864444775507E-6
8.433389666606672E-6
2.7311048143019434E-6
4.569643863305828E-8
1.4090544937062077E-5
4.8985195462591946E-5
3.3551275464560604E-6
2.6879633878706954E-5
3.9324876865975966E-7
1.4843363942418364E-6
2.5649001145211514E-6
4.4565702410181984E-5
7.154779723350657E-6
1.0731049542300752E-6
2.586629079814884E-6
4.603503111866303E-5
8.410757436649874E-5
7.234577424242161E-6
1.0315997087673168E-6
1.6860702771737124E-6
1.0069459676742554E-5
9.62034278018109E-7
6.28653765488707E-7
1.4743691281182691E-6
9.555976248520892E-6
5.591559215645248E-7
1.9950948626501486E-5
5.420248498921865E-7
5.274486466078088E-5
4.596498115461145E-7
8.230419553001411E-6
8.707548659003805E-6
1.647790782044467E-6
8.398547834076453E-6
1.195506797557755E-6
8.275848813354969E-6
5.723939830204472E-5
3.3211665595445083E-6
7.463400493179506E-7
1.6956220179054071E-6
1.021088678498927E-6
5.344194960343884E-6
1.9645613065222278E-5
2.126968865923118E-5
1.277234105145908E-6
1.3035839856456732E-6
2.896247906392091E-6
4.9171590035257395E-6
6.9771867856616154E-6
2.461566282363492E-6
3.047689233426354E-6
1.0547691999818198E-6
1.3171262253308669E-5
3.3699652703944594E-5
4.3964930227957666E-5
4.541421276371693E-6
1.1780126669691526E-6
1.942340759342187E-6
4.7402763811987825E-6
5.417900410975562E-6
1.4655788618256338E-6
1.9477720343274996E-5
2.8940745323779993E-5
2.9357255471040844E-7
1.4175030855767545E-6
1.4840703670415678E-6
1.596088509359106E-6
1.021456228045281E-6
4.097963937965687E-6
3.1152790143096354E-6
2.0384081835800316E-6
3.518057610563119E-6
3.26085523738584E-6
7.634899520780891E-5
3.3416978340028436E-7
1.706282887425914E-6
1.1716704193531768E-6
4.912711801807745E-7
2.4955827484518522E-6
6.980097282394127E-7
3.195456201865454E-6
9.160801710095257E-5
1.5009472917881794E-5
2.7359428713680245E-5
4.110813733859686E-6
5.826023425470339E-6
2.6044881451525725E-6
3.746943184523843E-5
1.0138030575035373E-6
5.987639610793849E-7
5.387342753238045E-6
2.5881615783873713E-6
9.599710892871371E-7
8.159365279425401E-6
1.1114435437775683E-5
7.532195013482124E-6
8.320408596773632E-6
2.68660114670638E-5
4.360144885140471E-5
3.5102968922728905E-6
1.7703094954413245E-6
9.942019687514403E-7
1.0554047094046837E-6
1.3440503607853316E-6
5.802167493129673E-7
1.0377168564446038E-6
4.523212191998027E-5
1.072296413440199E-6
2.0106497231608955E-6
1.9701408746186644E-5
1.0153422772418708E-4
9.445524540296901E-8
1.7293432392762043E-6
2.5099984668486286E-6
2.5545059543219395E-5
1.5695842137120053E-7
1.1367148999852361E-6
9.941637699739658E-7
7.662029588573205E-7
1.074135161616141E-5
2.690072449240688E-7
1.7960620652957004E-6
9.510746394880698E-7
2.1542987269640435E-6
1.619818613107782E-5
1.0454635230416898E-5
4.793185325979721E-6
9.725881682243198E-7
3.6932040075043915E-6
9.165685810330615E-7
1.5006655303295702E-5
1.4210216932042385E-6
2.3850110665080138E-5
1.246165920747444E-4
3.7609042919939384E-5
1.0690376939237467E-7
1.1437198554631323E-4
9.035384209710173E-7
4.2497224058024585E-5
3.966508899111432E-8
6.808409580116859E-6
1.4566101071977755E-6
1.2515029084170237E-5
2.629405389598105E-5
5.867875297553837E-4
1.489358396611351E-6
1.2133212976550567E-6
1.1027470918634208E-6
1.0399470511401887E-6
7.237201771204127E-7
3.870752607326722E-6
1.2654978490900248E-5
2.831451092788484E-5
0.001129740267060697
8.125624299282208E-5
7.435901807184564E-6
1.1557757716218475E-5
1.9807273929473013E-5
2.9798306059092283E-5
8.505918667651713E-4
5.259725639916724E-6
1.6992898963508196E-5
1.02020533176983E-6
8.79914005054161E-5
6.854705816294882E-7
6.018920544192952E-7
1.659077861404512E-5
6.330256837827619E-6
5.085695647721877E-6
1.1988486221525818E-6
1.0236775551675237E-6
3.510899375669396E-7
1.785954191291239E-5
7.451067745023465E-7
7.034157533780672E-6
2.6074869765579933E-6
8.347254265572701E-7
6.656478490185691E-6
7.449590611940948E-6
4.573582401690146E-8
3.81212402089659E-7
9.354735084343702E-6
2.9577870009234175E-5
4.204602646495914E-6
3.3458440157119185E-5
2.0716437632017914E-7
6.051476475477102E-8
6.174222448862565E-7
1.3447411220113281E-6
1.0602074326016009E-4
6.704013912894879E-7
5.303578745952109E-6
4.955074359713763E-7
1.1170084690093063E-5
1.0961539373965934E-5
1.8177079255110584E-6
3.282470117937919E-7
9.368993232783396E-6
9.619743650546297E-7
1.8874758325182484E-6
1.8245014871354215E-5
2.103340968062639E-8
1.001617874862859E-6
1.3086019862385001E-5
3.977525921072811E-6
2.381589752076252E-7
1.546560383758333E-6
6.798105459893122E-6
5.6536624470027164E-5
6.472678819591238E-7
4.076882760273293E-6
2.055280219792621E-6
3.716248320415616E-4
1.3234507605375256E-6
7.1663575909042265E-6
1.9877676038504433E-7
4.318548690207535E-6
1.107486241380684E-5
1.4695737263537012E-5
3.1891667617856E-7
9.069890074897557E-5
7.293080273029773E-8
2.0141278582741506E-6
4.078234724147478E-6
1.8173249145547743E-6
6.115141877671704E-5
4.1458592932031024E-6
6.638589411522844E-8
2.0063644967649452E-7
5.7980769270216115E-6
3.2285407769450103E-7
6.673868938378291E-6
7.936542715469841E-6
3.6611734230973525E-6
1.776116050677956E-6
8.7568441813346E-6
1.9367266759218182E-6
1.864475507318275E-6
1.6671854154992616E-6
3.242326556573971E-6
1.4308484423963819E-6
4.4583956082533405E-7
8.862359209160786E-6
1.2106316944482387E-6
3.245393236284144E-5
3.9664948417339474E-5
1.2872828847321216E-6
3.576773451641202E-5
1.631694976822473E-5
8.430858997598989E-7
4.300738874007948E-5
7.788151634713358E-8
6.649672286584973E-5
1.069397740138811E-6
2.2069052647566423E-5
1.3423488417174667E-4
2.297605351486709E-5
1.1544429980858695E-5
3.089277811341162E-8
3.075057293244754E-6
1.9939216144848615E-6
8.170136425178498E-6
2.4628181449770636E-7
6.738675324413634E-7
2.533172955736518E-4
2.583116583991796E-4
2.5149180146399885E-5
2.8752372926987846E-8
9.532337799100787E-7
2.215818312834017E-6
6.129187568149064E-6
3.6050662401976297E-6
2.3793234049662715E-8
7.924269084469415E-6
8.965803885985224E-7
1.7403432366336347E-6
6.439920980483294E-5
1.4930031284166034E-5
0.004838720895349979
7.887344963819487E-7
3.895283953170292E-6
0.1349559873342514
3.4752411011140794E-6
2.834042334143305E-6
9.212351415044395E-7
2.2552299924427643E-5
5.8467376220505685E-6
5.96535210206639E-6
0.2149757593870163
2.6101017738255905E-6
9.090256014587794E-8
8.37566972222703E-7
1.1349823125783587E-6
5.821346803713823E-6
1.3516073522623628E-6
6.093343927204842E-7
3.765192388982541E-7
1.4881594552207389E-6
6.393113380909199E-6
7.0515366132895E-6
1.2785837498086039E-5
2.1306458108938386E-7
8.773384934102069E-7
1.154755182142253E-6
2.2571953195438255E-6
7.161515469533697E-8
2.053372736554593E-5
2.3664713353355182E-6
1.4614046222050092E-6
3.5134409699821845E-5
4.6262033720267937E-5
1.8072290913551114E-5
1.214362055179663E-4
7.647603524674196E-6
2.6676771085476503E-6
8.862729737302288E-5
3.972407739638584E-6
3.5144498156114423E-7
3.351856139488518E-5
3.121071586065227E-6
6.682173989247531E-5
6.70071633066982E-4
4.2322784565840266E-7
5.7307152019347996E-6
0.0034376720432192087
2.0884881450911053E-6
1.0800972631841432E-5
1.781660671440477E-6
3.670470150041183E-9
5.034450168750482E-6
5.091010734759038E-6
2.605666509225557E-7
2.6997744498657994E-5
0.027012493461370468
2.0826493596359796E-7
5.316910392139107E-5
2.3865472030593082E-5
1.0920462955255061E-4
7.161889925555442E-8
6.237770548978006E-7
5.4638243454974145E-5
0.47276371717453003
9.794042625799193E-7
1.2438606063369662E-5
6.602281700907042E-6
1.2743504385070992E-7
1.8383543647360057E-6
2.7015440196009877E-7
9.13274291747257E-8
8.189055733964778E-6
1.7871127511170926E-7
6.649483111687005E-5
0.35428932309150696
2.6477407573111122E-6
4.401989826874342E-6
7.569934678031132E-5
0.0034677479416131973
9.770922588359099E-6
2.701976313801424E-7
2.5262575036322232E-6
2.6710245037975255E-7
1.0646196642483119E-5
4.199056547804503E-6
8.436914504272863E-5
2.8733902581734583E-5
2.454763489367906E-5
4.6961416956037283E-4
1.1367812930984655E-6
7.20981479389593E-5
4.503402578848181E-6
1.3870085524558817E-7
1.9180539823082654E-7
9.81665143626742E-5
9.94977199297864E-6
1.5276111298589967E-5
6.498172297142446E-5
1.2020353779007564E-6
7.2004950197879225E-6
6.53455174415285E-7
5.8600307966116816E-5
3.123259375570342E-6
1.648715988267213E-5
2.0711328033939935E-5
1.705717295408249E-6
2.7252090362139825E-8
3.3198841720150085E-7
4.184595127298962E-6
2.004682301048888E-6
1.527426547909272E-6
2.102826535121949E-8
0.05500613898038864
9.46727959671989E-6
2.5185847334796563E-5
9.050027216517265E-8
8.469671229249798E-6
7.294452188943978E-6
2.0577844406943768E-4
0.7514729499816895
2.0175693862256594E-5
2.935925731435418E-4
8.547588663532224E-7
1.2892131053376943E-5
0.0021505907643586397
5.4561551223741844E-6
4.477272241842911E-8
5.325826350599527E-6
1.7943744751391932E-5
2.9035063562332653E-5
1.2756464684571256E-6
5.370003236748744E-6
1.3904589650337584E-5
2.413657966826577E-7
7.54012944526039E-5
2.447535962346592E-6
8.79405160958413E-6
1.2579828035086393E-4
2.4646849396958714E-6
3.027091466378806E-8
4.903848093817942E-6
2.1363313862821087E-5
3.444914042916025E-8
7.785049092490226E-6
3.131888515781611E-4
4.026515398436459E-6
1.440413939235441E-6
1.362160674034385E-5
8.274626452475786E-6
2.5072718017327134E-6
9.717841749079525E-7
1.1954083674936555E-5
4.832096692553023E-6
3.930371804017341E-6
2.157774542865809E-5
3.7559375414275564E-6
5.921295378357172E-4
1.2302032700972632E-5
2.3737169613013975E-5
1.115921259042807E-5
7.4300355663581286E-6
2.2817439457867295E-5
1.2397989848977886E-5
4.639196504285792E-6
9.763532489159843E-7
4.5462470734491944E-4
5.440192580863368E-6
5.222123581916094E-4
1.8335921367906849E-6
6.142795996311179E-7
9.504171885055257E-7
1.1561242899915669E-5
3.2055997871793807E-4
2.0963410497643054E-4
1.1272417665963985E-8
5.922008494962938E-5
8.718448043509852E-7
2.470557956257835E-5
2.032838438026374E-6
2.1492959945135226E-7
3.169141200487502E-5
3.1696533824288053E-6
4.221583003527485E-5
5.826390042784624E-5
2.394418879703153E-5
4.660600097849965E-6
9.047614184964914E-6
1.261459110537544E-4
0.12103473395109177
6.444395694416016E-5
2.120878161804285E-5
7.04612716617703E-7
5.602552846539766E-6
3.3256019378313795E-6
2.6880563382292166E-5
2.3599509404448327E-6
1.5382362107629888E-5
1.696765684755519E-4
9.945839337888174E-6
2.703036443563178E-7
9.347596642328426E-5
1.3951555592939258E-4
1.803199265850708E-4
3.5188772017136216E-5
1.7616143850318622E-6
1.02053745649755E-5
2.3721271645626985E-5
2.49896544346484E-7
6.051682248653378E-6
9.756307008501608E-6
3.8643964217044413E-4
7.597775493195513E-7
6.815425024342403E-8
1.7522790585644543E-5
0.0010281481081619859
1.0217965609626845E-5
6.666550866896159E-9
2.534410896259942E-6
3.942953480873257E-5
2.8135477947444087E-8
1.991034196180408E-6
5.760678334354452E-8
1.3365777249418898E-6
3.038074828509707E-5
4.350841209088685E-6
2.288896439495147E-6
4.357124453235883E-6
3.7213683867776126E-7
1.6813704860396683E-5
9.902892634272575E-4
2.3728607629891485E-5
2.4533305165164165E-8
5.326576228981139E-6
4.1690644138725474E-5
2.299730658705812E-5
4.7791549150133505E-5
3.508663667162182E-6
3.4015419078059494E-4
1.2276550114620477E-4
1.3068938642391004E-5
1.3204941751610022E-5
2.538567400733882E-8
5.5209493439178914E-5
0.0027686951216310263
1.2832606444135308E-7
3.464632391114719E-5
1.7367949112667702E-5
5.644702832796611E-5
3.7239101402519736E-6
1.784521970193964E-7
2.0949212193954736E-4
4.555295454338193E-4
7.081073999870569E-5
3.429857429182448E-7
1.3790023331239354E-5
7.0499149842362385E-6
3.916209152521333E-6
2.179116017941851E-5
3.827274667855818E-6
3.9525672036688775E-5
1.8199156102127745E-6
1.0454415314598009E-4
1.4121914318820927E-5
3.4217173379147425E-6
2.948249166365713E-4
4.7389659130203654E-7
1.3288597983773798E-5
6.805761950090528E-5
1.6187550500035286E-5
1.968827382370364E-5
5.431695981883422E-8
4.460977365283725E-9
3.7402519956231117E-4
4.8588059144094586E-5
6.806053534091916E-7
5.494374199770391E-4
3.0005492590134963E-5
2.3838115339458454E-6
1.2575760877098219E-8
2.4913649667723803E-6
8.449057531834114E-6
1.5343507584475446E-6
3.29284775943961E-5
6.267699973250274E-6
3.2279880542773753E-5
4.624371285899542E-6
5.327665775212154E-8
1.1644325240922626E-5
1.3594558367913123E-5
2.8028973611071706E-4
5.941401468589902E-6
8.56476674471196E-7
1.1236263526370749E-4
0.0359204076230526
8.209080078813713E-6
1.0745089093688875E-4
1.016444803099148E-4
8.035052815102972E-6
1.5615900338161737E-5
9.557402336213272E-6
5.471205440699123E-6
2.9962349799461663E-4
6.760918040527031E-6
1.169822439806012E-6
4.545362899079919E-4
1.7157908587250859E-6
5.950155355094466E-7
2.4760051746852696E-4
5.748170588049106E-5
2.5873614504234865E-6
4.124823317397386E-4
4.1953788604587317E-4
6.721112731611356E-5
1.5466877556491454E-8
2.3381001028610626E-6
3.934335836675018E-4
1.1887466826010495E-5
3.598526818677783E-4
9.218101695296355E-6
5.409254299593158E-5
2.3869100550655276E-4
9.611222822059062E-7
3.422422378207557E-5
2.4049333191555888E-8
1.7839989595813677E-5
3.714808727295349E-8
0.019674362614750862
1.1584750154725043E-6
7.695153385611775E-7
1.9632898329291493E-7
2.535878447815776E-4
8.56248789204983E-7
2.9367317893047584E-6
9.499603379481414E-7
6.717482392559759E-6
4.065671419084538E-6
3.013131208717823E-5
4.378492576506687E-6
4.612978082150221E-4
3.669383659143932E-6
2.7622270863503218E-5
2.563742054917384E-5
1.7618840502109379E-6
2.1435063899843954E-5
2.99368315609172E-4
0.9200610518455505
8.458036973024718E-6
3.199761704308912E-5
6.489805855380837E-6
2.602375388960354E-6
1.4402799934032373E-5
1.546622115711216E-5
1.6540989022928443E-8
2.6996893211617135E-5
4.540946065390017E-6
2.0977725512238976E-7
3.9447093058697646E-7
3.737900669875671E-6
2.508792094886303E-4
4.819060450245161E-6
1.6140872958203545E-6
1.6146137795658433E-6
7.670108743695891E-7
2.1294398777627066E-7
4.161871038377285E-4
3.0907653126632795E-5
3.7684567359974608E-6
5.7707504311110824E-5
4.132566118641989E-6
4.60541514257784E-6
3.5732505239138845E-6
2.7696469260263257E-6
9.514037628832739E-6
3.230136353522539E-4
2.010669142293864E-8
6.92559769959189E-5
5.0013884589361624E-8
1.0535590263316408E-5
1.2881185895707858E-8
2.065861554001458E-5
9.421076356375124E-6
9.409250196767971E-6
2.206286495720633E-7
1.9811814127024263E-5
2.0388099073898047E-5
1.0433956049382687E-5
6.578520128641685E-7
7.885315426392481E-5
4.080180588061921E-5
7.95755931903841E-6
2.168879291275516E-6
0.5795644521713257
4.273589638614794E-6
5.9169047439411315E-9
3.220686630811542E-5
1.0016135698620587E-9
1.117139163397951E-6
5.20214787684381E-4
7.390037808363559E-7
1.2353647434792947E-5
6.269202276598662E-5
5.98451733822003E-5
0.01909070834517479
6.160866178106517E-5
3.676978303701617E-5
1.4205328113803262E-7
4.4367252485244535E-6
1.1729800462489948E-5
3.25382711707789E-6
1.283548840547155E-7
1.6804227342959166E-8
9.887028681987431E-6
7.426538559229812E-6
0.32945704460144043
6.765251782780979E-6
1.4767413176741684E-6
2.694664362934418E-5
1.3563587799581E-6
2.558330015745014E-4
7.246390396176139E-6
4.096388238394866E-6
6.805669983123153E-8
2.6536983568803407E-5
1.4547323416991276E-6
1.0271791239802042E-7
0.4482426345348358
9.819617119433133E-9
6.067623326089233E-5
1.3630641433337587E-6
2.727678293013014E-6
5.421831701823976E-6
3.709324971623573E-7
1.2594620056916028E-4
2.1542900867643766E-5
8.176407959581411E-7
5.04276727042452E-7
1.5249212310664007E-6
0.13042433559894562
5.366490540836821E-7
2.641377477630158E-6
3.8456241782114375E-6
1.545572013128549E-5
1.8386414240012527E-6
2.423637852189131E-6
1.3941034922027029E-5
9.064799087354913E-6
1.7365977100780583E-7
1.3678608468126185E-8
3.3965872603403113E-7
0.8696207404136658
1.0442279041456004E-8
0.7721186876296997
1.4249078049033415E-5
1.8229952729598153E-6
2.2952469862502767E-6
3.092077895416878E-5
2.8508597097243182E-5
1.493483864578593E-6
1.2470738397496461E-7
1.1425642654216972E-8
5.141799647390144E-6
8.938332030083984E-6
4.1413727558392566E-8
8.585129052107732E-8
2.1445399056574388E-7
4.056839202348783E-7
1.4992687624726386E-7
8.801382591627771E-7
7.656827172297653E-9
2.350850081711542E-6
9.251324627257418E-6
2.914147626142949E-5
4.906153208139585E-6
5.265312211122364E-6
5.871817521097E-8
3.2864470540516777E-6
5.376944613999513E-7
5.761234660894843E-6
3.1295001008402323E-6
2.086947503698866E-8
1.0191121901925726E-7
2.9999403068359243E-6
8.335430123906917E-10
7.775210178806446E-6
1.0202760677202605E-5
4.236019179870709E-8
2.697083573366399E-6
1.6011167502938406E-8
3.2245102943306847E-7
1.3880010385491914E-7
2.9568852824013447E-6
7.178469729751669E-8
2.659240408320329E-6
1.7381197494614753E-6
1.603034206709708E-6
1.9647700355562847E-6
1.0955069074114476E-9
4.3020225604095685E-8
1.2191166298691769E-8
6.864334878287082E-9
2.37242625544809E-9
2.6242007677979018E-8
3.8984612871217905E-8
6.3280367612605914E-6
1.0471315192717157E-7
5.629357474390417E-6
1.6706376726460803E-8
7.343406593918189E-8
1.6118774226470123E-7
2.0826465885193102E-8
8.705923981722208E-9
3.9860719169837466E-8
1.0413160822508871E-7
5.507993705577974E-8
1.0560601992892771E-7
2.4038346424504198E-8
3.784002799989139E-8
5.347924414422778E-8
3.3649126862655976E-7
2.0156799962478544E-7
9.075305507089126E-10
2.4402839124415543E-11
