Unsaturated aliphatic hydrocarbons
3.80281446268782E-4
7.863574137445539E-5
0.001133238896727562
5.6447723181918263E-5
1.7025190754793584E-4
2.1708226995542645E-4
1.3516558101400733E-4
7.02708275639452E-5
1.067749963112874E-5
3.488776201265864E-5
5.637164940708317E-5
0.0011296626180410385
1.1277244630036876E-4
8.863708353601396E-5
6.33255040156655E-5
3.16981750074774E-5
1.8013153749052435E-4
9.698425128590316E-5
8.509092003805563E-5
8.006067218957469E-5
1.0038985783467069E-4
8.740137127460912E-5
7.293399539776146E-5
5.959979534964077E-5
1.3375154230743647E-4
2.6008280110545456E-4
5.8644640375860035E-5
1.4607039338443428E-4
1.0868733807001263E-4
3.763750282814726E-5
1.182890628115274E-5
7.057153270579875E-4
1.0396003926871344E-4
4.85689315610216E-6
2.614578443171922E-5
1.2086410424672067E-4
5.703461647499353E-5
2.1704916434828192E-5
1.818844029912725E-4
9.753116319188848E-5
8.441315003437921E-5
6.943821063032374E-5
1.1985897799604572E-5
4.69952319690492E-5
8.800621435511857E-5
3.220405778847635E-4
0.012410914525389671
4.335219637141563E-5
2.859348023775965E-4
9.41238016821444E-4
5.5033200624166057E-5
6.172639405122027E-5
4.956077827955596E-5
9.256610792363063E-5
6.479528383351862E-5
1.413319114362821E-4
1.9046438683290035E-4
5.403340910561383E-4
1.4179394929669797E-4
1.8932780221803114E-5
9.8494827398099E-5
8.865969721227884E-5
3.535990617820062E-5
5.408403376350179E-5
1.63376476848498E-4
4.642486237571575E-5
1.2595912266988307E-4
6.517305155284703E-5
3.0563769541913643E-5
4.7311969683505595E-4
5.473206783790374E-6
1.1888277367688715E-4
1.3964873915028875E-6
4.918772174278274E-5
3.0667342798551545E-5
4.722600715467706E-5
1.602964948688168E-5
3.9464466681238264E-5
1.913162413984537E-4
8.056637307163328E-5
1.7113148351199925E-4
6.027272320352495E-5
5.235425851424225E-5
1.4900350652169436E-4
1.1053313937736675E-4
5.5450978834414855E-5
0.031617745757102966
2.6861891456064768E-5
6.833819497842342E-5
6.228269194252789E-5
3.132494166493416E-4
1.2574848369695246E-4
1.7790695710573345E-4
3.2799813197925687E-4
3.5550122265703976E-4
6.218965154403122E-6
1.5054451068863273E-4
1.5575774887111038E-4
1.6775914991740137E-4
4.956729389959946E-5
2.9896360501879826E-5
9.201703505823389E-5
2.409654734947253E-5
1.8533343393301038E-7
2.168662285839673E-5
1.2080854503437877E-4
2.954644151031971E-4
3.115535946562886E-5
4.425474617164582E-5
1.3330783986020833E-4
1.5454954700544477E-4
1.8660630303202197E-5
5.2812953072134405E-5
2.1314343030098826E-4
8.567532859160565E-6
1.3206753646954894E-4
8.206627171603031E-6
1.0463890248502139E-5
6.10485301422159E-7
8.18824119050987E-5
3.857392948702909E-5
5.8429645832802635E-6
4.952585641149199E-6
9.71418121480383E-5
1.2184515071567148E-4
3.153039142489433E-5
8.888214506441727E-5
1.4786040992476046E-5
1.0654499055817723E-4
6.353048956952989E-5
1.0695568926166743E-4
1.1554182856343687E-4
2.0754649085574783E-5
3.0312314265756868E-5
3.9893850043881685E-5
2.1775813365820795E-5
4.562778849503957E-5
5.670682730851695E-5
4.8528694605920464E-5
5.436536594061181E-5
1.702566987660248E-5
7.605213613715023E-5
0.002447118517011404
1.9155253539793193E-5
8.40225038700737E-5
5.360932118492201E-5
2.9675455152755603E-5
6.053194010746665E-5
5.839506775373593E-5
1.1664081102935597E-4
2.503467258065939E-4
5.476833030115813E-5
9.531207751933835E-7
2.0858737116213888E-5
5.108886398375034E-5
1.9617180805653334E-4
4.3627413106150925E-5
5.569905988522805E-5
8.981761493487284E-5
5.83295441174414E-5
7.330586959142238E-5
3.55992087861523E-5
6.0621550801442936E-5
9.152848360827193E-5
2.4903596568037756E-5
3.0337001589941792E-5
4.3580930650932714E-5
4.500883733271621E-5
3.3588847145438194E-5
2.4377894078497775E-5
2.0246667190804146E-5
9.436289838049561E-5
2.25205749302404E-5
6.133203714853153E-5
5.566057370742783E-5
0.004388330038636923
1.9873968267347664E-4
6.872120138723403E-5
2.547924623286235E-6
4.003033245680854E-5
7.510660452680895E-6
2.3812895960872993E-5
7.350455416599289E-5
1.691324869170785E-4
2.3555989901069552E-4
3.743518755072728E-5
4.259969136910513E-5
2.1910975920036435E-4
3.335376732138684E-6
2.0515262804110534E-5
4.163201665505767E-4
2.424060512566939E-4
6.202188524184749E-5
1.3720702554564923E-5
2.4556291464250535E-5
9.261589002562687E-5
4.677239849115722E-5
4.42878226749599E-5
2.0563955331454054E-5
1.3438488167594187E-5
2.4719838984310627E-4
1.4583187294192612E-4
4.673654257203452E-5
3.527035005390644E-5
1.6339794456143863E-5
4.100288060726598E-5
2.2064965742174536E-4
2.3337284801527858E-5
3.598934563342482E-5
3.8982272963039577E-4
4.16077054978814E-5
5.60228327231016E-5
2.8720515388158674E-7
1.6522846999578178E-4
4.467081816983409E-5
3.73361399397254E-5
3.707497307914309E-5
3.188266418874264E-5
3.557953823474236E-5
1.1457220352895092E-5
3.104102142970078E-5
1.0474120790604502E-4
4.342548199929297E-4
5.738580148317851E-5
2.2489355615107343E-5
4.7351900138892233E-4
6.563229544553906E-5
2.6989382604369894E-5
5.4906311561353505E-5
1.0587258657324128E-5
5.526984023163095E-5
2.0766883972100914E-4
4.8437428631586954E-5
3.709088559844531E-5
4.222381176077761E-5
5.2197410695953295E-5
8.862159302225336E-5
2.620136183395516E-5
4.714320311904885E-5
2.451512591505889E-5
4.3724794522859156E-5
9.996185781346867E-7
7.73804058553651E-5
5.860499368282035E-5
3.8133195630507544E-5
9.491383934800979E-6
5.98661536059808E-5
8.559738489566371E-5
2.952695285785012E-5
5.0942020607180893E-5
6.035339902155101E-5
2.2731153421773342E-6
3.840735007543117E-5
5.922424315940589E-5
3.253493196098134E-5
5.521978891920298E-6
3.832950460491702E-5
3.6378256481839344E-5
2.096219213854056E-5
3.563920909073204E-4
1.2283594514883589E-5
2.6200887077720836E-5
8.019143024284858E-6
5.421808850769594E-7
2.1478817870956846E-6
6.467464845627546E-5
4.122681639273651E-5
2.9164291845518164E-5
4.2750107240863144E-5
3.885948535753414E-5
7.255418950080639E-6
3.483451291685924E-5
1.4285783436207566E-5
3.343452772242017E-5
4.011538840131834E-5
2.6926769351121038E-5
3.0511620934703387E-5
3.1918905733618885E-5
3.33386633428745E-5
1.1698444723151624E-5
2.1785430726595223E-4
3.348495010868646E-5
1.7794722225517035E-5
1.6820629753055982E-5
3.44514446624089E-5
0.001612465362995863
1.9450766558293253E-5
5.542721282836283E-6
3.8399093318730593E-4
8.353843441000208E-5
4.8575788241578266E-5
3.064067641389556E-5
8.86027828528313E-6
7.908809493528679E-5
1.9250958303018706E-6
1.7065711688246665E-7
3.34741962433327E-5
2.883556044253055E-5
9.747685908223502E-6
8.950739284045994E-4
1.3447145647660363E-5
3.840042700176127E-5
4.015801823697984E-5
8.389297872781754E-4
5.899530606257031E-7
2.426675200695172E-5
2.199391383328475E-5
1.3102554476063233E-5
1.5164359865593724E-5
3.428668424021453E-5
2.262926136609167E-5
1.3370459782890975E-4
1.0380014828115236E-5
7.355634323857885E-8
1.935602085723076E-5
4.491237996262498E-5
2.855622733477503E-5
3.6849007301498204E-5
1.700143729976844E-5
3.378455221536569E-5
3.6897839891025797E-5
9.142248018179089E-5
1.3306462278706022E-5
2.377818645982188E-6
2.4642011339892633E-5
5.094049993203953E-5
4.0934851858764887E-4
5.044603021815419E-4
3.45838452631142E-5
3.4196022170362994E-5
3.573064896045253E-5
4.5681153437726607E-7
9.404700904269703E-6
4.719846401712857E-5
9.674127795733511E-6
7.752491001156159E-6
2.1496553017641418E-5
5.559250439546304E-6
2.2066744350013323E-5
2.0381301510496996E-5
1.7507765733171254E-5
2.5297265892731957E-5
2.49802596954396E-5
2.8451291655073874E-5
1.2068307114532217E-4
7.263911538757384E-5
0.0010015539592131972
8.103251457214355E-5
5.3702508012065664E-5
1.1040871868317481E-5
2.8765538445441052E-5
5.524538937606849E-5
6.58921999274753E-5
2.7865484298672527E-5
3.771257615881041E-5
3.7825186154805124E-5
3.679940346046351E-5
1.337992671324173E-5
1.2263370081200264E-5
7.716225809417665E-5
8.143229024426546E-6
3.171432763338089E-5
1.0980621482303832E-5
3.11628173221834E-5
1.9192148101865314E-5
3.7888146380282706E-6
2.381004742346704E-5
3.713085243362002E-5
1.8782720871968195E-5
1.3196246982261073E-5
3.233702227589674E-5
2.5505754820187576E-5
2.2423813788918778E-5
1.0203359124716371E-5
2.597393176984042E-5
2.640906495798845E-5
4.995805284124799E-5
2.982698060804978E-5
3.6659243050962687E-5
1.2781869372702204E-5
2.406698877166491E-5
3.008305429830216E-5
1.37746055770549E-5
5.963617149973288E-5
2.274438202221063E-6
2.5287927201134153E-5
3.054765329579823E-5
6.2132003222359344E-6
6.192912678670837E-6
8.83198736119084E-5
1.1188408279849682E-5
5.226896610110998E-5
3.705186099978164E-5
3.1339452107204124E-5
1.4161524632072542E-5
4.463950062927324E-6
7.295122486539185E-5
4.423036443768069E-5
2.132980080205016E-5
2.41368525166763E-6
1.5661707948311232E-5
3.7095498555572703E-5
2.764336568361614E-5
1.8457598343957216E-5
1.0490047316125128E-5
1.9279701518826187E-5
2.0541283447528258E-5
1.5771118341945112E-5
3.5421428037807345E-5
3.942434886994306E-6
5.671066901413724E-5
3.1217750802170485E-5
3.0109260478639044E-5
3.184728848282248E-5
6.655895049334504E-6
1.9419521777308546E-5
6.146723899291828E-5
3.537304655765183E-5
2.4260982172563672E-5
2.0501844119280577E-5
2.11524820770137E-5
2.3331124054948305E-7
8.442069088232529E-7
3.536560143402312E-6
2.5706547603476793E-5
3.197489422746003E-5
3.019840551132802E-5
1.7046942957676947E-5
5.245794454822317E-6
3.032043059647549E-5
1.5724561990282382E-6
1.816823350964114E-5
2.6900283046416007E-5
1.011125641525723E-5
1.8217147953691892E-5
2.427131767035462E-5
1.7897742509376258E-5
2.648364898050204E-5
1.204577256430639E-5
2.5908922907547094E-5
1.879635965451598E-5
2.7589203455136158E-5
1.8642185750650242E-5
2.5205874408129603E-5
2.471734296705108E-5
4.092163408131455E-7
4.650139599107206E-4
2.6390940547571518E-5
1.0733710951171815E-5
1.0943027461962629E-7
1.1253483535256237E-5
1.587775295774918E-5
2.202385621785652E-5
5.622073513222858E-5
4.991978057660162E-4
8.266433724202216E-7
2.3287857402465306E-5
3.493611075100489E-5
2.4187134840758517E-5
1.9016573787666857E-5
1.162254011433106E-5
4.327216447563842E-5
2.922690509876702E-5
8.94763070391491E-5
1.5033749514259398E-4
3.869021020364016E-5
2.274760299769696E-5
5.670428436133079E-5
2.1608972019748762E-5
0.004450097680091858
9.768022209755145E-6
1.7550079064676538E-5
3.1956697057466954E-5
5.69587828067597E-5
4.15379909100011E-5
8.389618415094446E-6
6.15676399320364E-5
7.954048669489566E-6
1.800124482542742E-5
2.1088528228574432E-5
6.0479538660729304E-5
4.273873400961747E-6
1.365285788779147E-5
2.5152685338980518E-5
4.1471135773463175E-5
2.0570285414578393E-5
2.5349921997985803E-5
2.4865841623977758E-5
6.401776045095176E-5
3.887266331048522E-8
7.779160659993067E-5
2.5984487365349196E-5
3.694053884828463E-5
7.229326001834124E-6
1.4163397281663492E-5
9.23703373700846E-6
2.4768408479758364E-7
7.79831225372618E-6
2.1923328858974855E-6
5.895948561374098E-5
1.8958791088152793E-6
2.6566012820694596E-5
3.817560354946181E-6
1.1751479178201407E-5
1.3501291505235713E-5
6.794961336709093E-6
1.0743256098066922E-5
3.330571416881867E-5
2.1779122107545845E-5
8.202944627555553E-6
4.463956429390237E-5
4.831341016142687E-8
2.525181662349496E-5
1.2737215001834556E-5
2.452163062116597E-5
2.847954419848975E-6
1.897631045721937E-5
4.3762582890849444E-7
0.0012857270194217563
2.8318991098785773E-5
2.4264878447866067E-5
2.9974702556501143E-5
8.830450242385268E-4
9.973445412470028E-5
3.80509918613825E-5
2.9285436653481156E-7
6.12254234511056E-6
1.993630030483473E-5
2.58998461504234E-5
5.412173049990088E-5
4.954010000801645E-5
2.572257358224306E-7
1.5757950677652843E-6
2.745077472354751E-5
8.457564945274498E-6
6.119539466453716E-5
1.2450551366782747E-5
2.774482084078045E-7
3.652284021882224E-7
3.898939030477777E-5
1.2406703899614513E-4
8.750776032684371E-6
1.1166443073307164E-5
3.9217113226186484E-5
2.1588106392300688E-5
1.0550072147452738E-5
6.5724452724680305E-6
2.9774002541671507E-5
3.300476964795962E-5
5.124777089804411E-6
1.1679022691168939E-6
5.129092528477486E-7
1.823535740186344E-6
9.694936125015374E-6
2.042497908405494E-5
8.058508683461696E-5
3.196769466740079E-5
1.0138766810996458E-4
6.803907308494672E-5
1.9953431547037326E-5
5.638398579321802E-5
5.500665523072712E-8
4.7007109969854355E-5
1.7863449102151208E-5
1.643175164645072E-5
1.453962759114802E-4
2.0719628082588315E-5
8.415737283939961E-6
9.878336726387715E-8
8.654924022266641E-5
3.646619688879582E-6
1.2726419299724512E-5
5.100930138723925E-6
4.74129592475947E-6
1.1187906056875363E-4
1.0045903036370873E-4
1.7923943232744932E-5
3.524775493701782E-8
3.38835125148762E-5
2.2339963834383525E-6
3.936355824407656E-6
7.301831374206813E-6
4.846061685270797E-8
1.789776979421731E-5
6.31036382401362E-5
1.4263104276324157E-5
6.208060221979395E-5
5.127720578457229E-5
3.2434065360575914E-4
1.2620293091458734E-5
1.6592395695624873E-5
0.003290873719379306
5.457395309349522E-5
4.1491675801808015E-5
4.87290344608482E-6
3.112118793069385E-5
1.620704097149428E-6
3.480545274214819E-6
0.6777044534683228
5.528704605239909E-6
2.1585026388493134E-6
1.3656276678375434E-5
7.594850103487261E-6
9.53281323745614E-6
2.259246502944734E-5
2.5152446596621303E-6
3.98900101572508E-6
1.8025762074103113E-6
6.3705888351250906E-6
1.4018895853951108E-5
7.13840126991272E-5
4.7475549536102335E-7
6.786615358578274E-6
3.235375515941996E-6
1.4399099200090859E-5
2.3485013400659227E-7
1.4969261428632308E-5
4.27898430643836E-6
1.517099349257478E-6
1.2299245281610638E-4
3.233572351746261E-5
1.999517007789109E-5
4.565972776617855E-4
1.2288802827242762E-4
1.3503832633432467E-5
1.9859096209984273E-4
6.022396064508939E-6
1.1634369002422318E-5
2.1470859792316332E-5
4.5219026105769444E-6
1.9284603695268743E-5
1.4135605306364596E-4
8.20492823550012E-6
1.0272510735376272E-5
1.1055437062168494E-4
4.541479938779958E-6
1.220035755977733E-5
7.689367521379609E-6
1.2656089509732737E-8
9.849154594121501E-6
1.7785471300157951E-6
8.601068657299038E-6
1.2733408948406577E-4
0.9584168791770935
6.230485450942069E-5
2.2174548576003872E-5
1.928562232933473E-5
1.4243835721572395E-5
1.149225283825217E-7
1.225601636178908E-6
1.184430584544316E-4
0.8279796242713928
4.880133474216564E-6
1.0914512677118182E-4
1.1423281648603734E-5
7.784645106312382E-8
2.749584155026241E-6
3.9511968452643487E-7
1.458781895280481E-7
8.696728400536813E-6
5.821681043016724E-6
2.4279383069369942E-5
0.0025961226783692837
7.52510868551326E-6
5.037019946030341E-6
2.4759374355198815E-5
1.8503029423300177E-4
8.015992534637917E-6
1.7951774680113886E-6
7.659560651518404E-6
4.731163789983839E-5
5.754550511483103E-5
6.010686320223613E-6
3.76656353182625E-5
5.968790446786443E-6
5.768698611063883E-5
9.91957203950733E-5
3.740103920790716E-6
4.5775543549098074E-4
3.3920157875400037E-5
1.7383079466526397E-5
1.579074933033553E-7
7.067067053867504E-5
4.0329363400815055E-5
5.761586180597078E-6
1.5680382784921676E-4
7.83538052928634E-6
9.423757546755951E-6
5.353177130018594E-6
1.4665753042208962E-5
1.2110703210055362E-5
1.2895220606878866E-5
1.3722841686103493E-5
5.724517450289568E-6
6.868299351481255E-8
8.976360550150275E-5
2.39190126194444E-6
3.746278161997907E-5
1.8439664017932955E-6
6.465501911634419E-8
0.0014837108319625258
1.2018053894280456E-5
4.119910590816289E-5
2.5453300622757524E-7
1.0894056322285905E-4
5.864141712663695E-6
1.0540922630752902E-5
0.76168292760849
1.3724365271627903E-4
0.001555363880470395
2.466602200001944E-5
7.814212040102575E-6
8.941117266658694E-5
3.805155074587674E-6
4.293461643101182E-6
3.5287609989609336E-6
8.536417226423509E-7
3.790039409068413E-5
1.7998959265241865E-6
5.74635632801801E-5
3.595272573875263E-5
7.71538179833442E-5
9.446540207136422E-5
1.3395990208664443E-5
6.255870630411664E-6
6.267199642024934E-4
2.8022570859320695E-6
2.2884628947394958E-7
6.653772743447917E-6
6.1316595747484826E-6
1.4888230737142294E-7
3.284946069470607E-5
2.7734618925023824E-5
1.2263823919056449E-5
1.1219211728530354E-6
1.9757431800826453E-5
4.6385623136302456E-5
3.0982021144154714E-6
8.661059496262169E-7
2.5656111120042624E-6
7.022395038802642E-6
3.6943079066986684E-6
2.425011552986689E-5
3.4695819977059728E-6
4.5254611904965714E-5
2.159959876735229E-5
9.194941412715707E-6
1.2585613876581192E-4
9.987362318497617E-6
2.4290951841976494E-5
1.593997876625508E-5
2.7304060949973064E-6
2.5225924673577538E-6
4.545153205981478E-5
9.143605893768836E-6
0.001473335549235344
2.9684172204724746E-6
6.223692253115587E-6
2.8508605964816525E-7
8.811068255454302E-6
1.1864519910886884E-4
1.0713915253290907E-4
1.774620095318369E-8
1.883922959677875E-4
4.236618167396955E-7
1.270978737011319E-5
3.2708617254684214E-6
3.6658175304182805E-6
4.3738771637436E-5
3.0228883929339645E-7
3.1656972714699805E-4
1.6145255358424038E-4
1.648557918088045E-5
2.331181531189941E-5
4.824402822123375E-6
1.6391191820730455E-5
0.0014499890385195613
5.542607595998561E-6
1.4880517846904695E-4
4.086813351023011E-5
2.3124254948925227E-4
6.032874807715416E-6
1.510962192696752E-5
2.2582521523872856E-6
7.2032985372061376E-6
5.197052814764902E-5
5.725702976633329E-6
2.6399243324704E-7
2.6399835405754857E-5
8.238865848397836E-5
3.136355080641806E-4
7.019923941697925E-6
2.5385792469023727E-5
3.051577732549049E-5
4.5377555579761975E-6
1.57696788960493E-7
1.6538452882741694E-6
1.4993432841947651E-6
5.1581529987743124E-5
2.1902142179897055E-6
3.0437280429396196E-7
1.7250176824745722E-5
2.0215459517203271E-4
5.71415603189962E-6
7.63465290987142E-9
3.860754077322781E-6
8.093118594842963E-6
5.30847792390432E-8
4.3765612645074725E-6
2.491769066637062E-7
9.548850812279852E-7
1.912543120852206E-5
7.3664232331793755E-6
2.846852112270426E-5
9.302543730882462E-6
3.5287666833028197E-6
3.7191377487033606E-4
3.97591466025915E-5
1.5652658476028591E-4
3.628270306421655E-8
4.14522173741716E-6
1.902506483020261E-5
5.583002348430455E-6
1.1297391210973728E-5
4.70364238935872E-6
2.0904606572003104E-5
1.875245216069743E-4
4.627860107575543E-5
1.0903260772465728E-5
6.199684321472887E-8
1.0988404937961604E-5
1.5986217476893216E-5
2.0484653759922367E-6
5.432554189610528E-6
4.8882047849474475E-6
1.0069974814541638E-4
5.032770332036307E-6
8.689633978065103E-5
2.565593968029134E-5
8.715106378076598E-5
3.1542463148070965E-6
7.887111905802158E-7
6.398240657290444E-6
8.226338650274556E-6
3.564312464732211E-6
9.178197615256067E-6
4.84892643726198E-6
1.2964689631189685E-5
6.7892287916038185E-6
1.8580371397547424E-4
4.9955110625887755E-6
1.2701834748440888E-5
5.067549136583693E-5
1.9668602817546343E-6
1.3520215361495502E-5
1.8199743863078766E-5
3.442558809183538E-4
2.1898337581660599E-4
9.51720906527953E-8
3.835375128602436E-9
3.348233803990297E-5
2.1855423256056383E-5
1.896640469567501E-6
2.147662416973617E-5
2.358053052375908E-6
2.9167447337385966E-6
2.400492803644738E-6
2.134385340468725E-6
8.333267032867298E-6
6.2536055338568985E-6
8.571283615310676E-6
1.1403648159102886E-6
1.0239871699013747E-5
5.969475864731066E-7
1.337016470870367E-7
9.883531220111763E-7
2.0966750162187964E-4
1.0447487875353545E-4
8.873871593095828E-6
3.931743776774965E-6
2.2544400053448044E-5
0.016114577651023865
6.674482392554637E-6
1.636406159377657E-5
3.604279481805861E-5
7.082970114424825E-6
9.097052679862827E-5
2.2132566300570033E-5
9.80508616521547E-7
9.001553735288326E-6
2.2290382730716374E-6
2.3320365016843425E-6
2.204906559200026E-5
1.5625842024746817E-6
2.3651930405321764E-6
4.222404459142126E-5
2.473241920597502E-6
1.571833536218037E-6
2.3727232473902404E-4
7.802850632288028E-6
8.473041089018807E-5
3.5506683815356155E-8
1.6076373867690563E-5
7.965391887410078E-6
2.387148924754001E-6
1.3333292736206204E-4
9.962835974874906E-6
4.06512372137513E-5
2.8876134820166044E-5
1.6676110590196913E-6
2.4060547730186954E-5
1.5483045956443675E-7
5.473150395118864E-6
2.9449137173287454E-7
9.813429787755013E-4
3.4723257158475462E-6
6.1617515711986925E-6
2.84138309325499E-6
3.688488504849374E-5
7.674403832425014E-7
8.358407285413705E-6
1.5980572243279312E-6
1.5536697173956782E-4
7.390508471871726E-6
7.389719394268468E-5
2.532702637836337E-4
2.0339606635388918E-5
9.829497139435261E-5
3.4191477880085586E-6
1.4203133105183952E-6
1.1089919098594692E-6
1.8973753412865335E-6
3.571644629118964E-5
0.0025136107578873634
6.970065896894084E-6
6.701257461827481E-6
1.1677730981318746E-5
6.4895871219050605E-6
1.463730427531118E-6
1.6415950085502118E-5
2.8944649343998208E-8
1.2043619790347293E-5
4.377753612061497E-6
1.9401431927690282E-6
5.998810138407862E-6
5.58667807126767E-6
1.3084946658636909E-5
8.632575372757856E-6
4.631289812095929E-6
7.205232577689458E-6
1.6426097317889798E-6
7.650085649402172E-7
8.406279812334105E-5
9.429189162801777E-7
6.068247967050411E-5
3.2873022064450197E-6
1.3232598575996235E-5
1.8725349946180359E-6
2.635970013216138E-4
8.111005627142731E-6
1.409066953783622E-6
5.536569733521901E-5
1.635046282899566E-5
2.3739410153211793E-6
5.500978090822173E-7
2.4780426883808104E-6
1.2170420404800097E-7
5.174863417778397E-6
1.071476344804978E-5
1.917005647555925E-6
4.3735923327403725E-7
5.015513670514338E-5
6.093313459132332E-6
1.9772787709371187E-6
1.6090867802631692E-6
1.1225122761970852E-5
3.036433190573007E-4
1.3169387784728315E-6
5.9372655414335895E-6
0.9456630945205688
1.8239765040561906E-6
5.1303641335209704E-9
2.670928779480164E-6
4.442156420481069E-9
1.1154193089168984E-6
1.1765906674554572E-4
2.928572484961478E-6
3.9702001686237054E-7
4.665055894292891E-5
3.884662419295637E-6
0.9906189441680908
4.208521932014264E-5
1.0597357686492614E-5
1.6379076441808138E-6
4.021133008791367E-6
2.06503932531632E-6
0.0013169191079214215
5.622002277050342E-7
1.0119632634086884E-6
8.827755095808243E-7
2.573215397205786E-6
0.9405816793441772
1.0164956620428711E-4
9.193331607093569E-7
2.9149508918635547E-5
2.0570394099195255E-6
8.838191570248455E-5
9.540712198941037E-6
1.8072430520987837E-6
4.89341402953869E-7
1.3114340617903508E-5
3.2623590868752217E-6
6.566510819538962E-7
0.9826978445053101
4.433369724665681E-7
9.755320206750184E-5
1.433202328371408E-6
1.3742735973210074E-5
3.82774061336022E-7
1.7107536223193165E-6
1.4098254905547947E-4
1.641767994442489E-6
3.800035528911394E-6
1.4040469977771863E-6
2.2581504310892342E-7
2.55716557148844E-4
6.447063242376316E-6
3.838859470306488E-7
9.02167539607035E-6
2.03716331270698E-6
3.214809964902088E-7
1.312946267262305E-7
1.2416611752996687E-5
6.304968565018498E-7
2.4647604277561186E-6
8.71261605084328E-8
1.633593456062954E-5
0.9197943806648254
6.762802939874746E-8
0.9863468408584595
1.6312990283040563E-6
2.216767427398736E-7
8.419222012889804E-7
3.813998046098277E-5
6.069874558534138E-8
4.25212374466355E-6
1.322865387010097E-6
6.822498477276895E-8
9.176670232591277E-7
1.2933583093399648E-6
3.37720194920621E-7
4.715814441169641E-7
5.458396117319353E-7
3.1669396776123904E-6
1.226879817295412E-6
2.6279353733116295E-6
9.124086375322804E-8
6.477693204942625E-6
1.1749226587198791E-6
9.384234544995707E-6
2.2322710435673798E-7
6.235891873984656E-7
3.392894427634019E-7
5.556449650612194E-6
7.040554237391916E-7
2.391993234596157E-7
2.941433194791898E-7
4.466225220767228E-7
8.235842301473895E-7
1.087245067310505E-7
5.436375616341138E-8
4.982716745871585E-7
1.2963811968802474E-5
5.204994977248134E-6
6.356847137567456E-8
7.031673732171839E-8
3.1690749437984778E-6
2.8043578126357716E-8
1.714278141662362E-6
3.799917180913326E-7
8.434196274720307E-7
7.0454724721003E-8
7.456909401071243E-8
6.3898050939315E-7
3.057960995533904E-8
9.854017157806538E-9
2.2239802888179838E-7
8.41192715483885E-8
6.697774779240717E-8
1.6372385402974032E-7
2.0497363806271096E-8
2.0282873265387025E-6
4.1103885450866073E-7
1.9692652131197974E-6
1.3245251295757043E-7
2.9722876604409976E-8
1.0988832066516352E-8
2.780389607437428E-8
3.583031116249913E-8
4.3791428261386045E-9
2.0971651082390963E-8
1.4203558329484167E-8
7.518297984177025E-9
5.072055220267657E-9
9.267841605264948E-9
1.0505534220328627E-8
1.205207755816673E-8
1.1027556645615277E-8
8.307313864586163E-11
9.690388682453976E-13
