Saturated hydrocarbons
3.219022764824331E-4
1.987862488022074E-4
0.0013501174980774522
5.214830525801517E-5
4.553467806545086E-5
1.8183740030508488E-4
1.4726188965141773E-4
3.5042707168031484E-5
5.823992978548631E-5
4.725918552139774E-5
1.1449094017734751E-4
5.400421796366572E-4
9.469773794990033E-5
2.4265421961899847E-4
8.213234104914591E-5
4.9384208978153765E-5
1.2172631249995902E-4
1.3054822920821607E-4
1.803401937650051E-5
3.201509025529958E-5
7.666033343411982E-5
5.932911153649911E-5
2.0042128744535148E-4
6.528775702463463E-5
5.131215584697202E-5
1.6095682804007083E-4
1.1950966290896758E-4
5.15798747073859E-5
5.4980675486149266E-5
6.0903868870809674E-5
3.422107965889154E-6
3.24338543578051E-5
2.33869632211281E-5
5.160432920092717E-5
5.452791083371267E-5
1.0883622599067166E-4
2.628117181302514E-5
1.7332966308458708E-5
5.2045863412786275E-5
7.265042222570628E-5
5.79363368160557E-5
6.094957279856317E-5
8.435451309196651E-5
2.399948971287813E-5
4.268518023309298E-5
3.192324365954846E-4
0.006261840928345919
3.524846033542417E-5
1.2835633242502809E-4
1.6960877110250294E-4
8.734319635550492E-6
6.54316390864551E-5
1.0106554691446945E-4
2.2889043975737877E-5
8.339216583408415E-5
4.512150553637184E-5
5.582546509685926E-5
1.5788855671416968E-4
1.5090746455825865E-4
2.3511980543844402E-5
1.5552615514025092E-4
2.4007504180190153E-5
8.683257328812033E-5
2.879293606383726E-5
1.6616721040918492E-5
2.9604190785903484E-5
8.19933193270117E-5
4.945341424900107E-5
3.5263514291727915E-5
4.610195173881948E-4
2.0646633856813423E-5
2.763416268862784E-4
9.83926933258772E-4
4.791598257725127E-5
1.5111495486053172E-5
5.20596258866135E-5
3.5845208913087845E-5
3.170803393004462E-5
4.018269828520715E-4
4.131677997065708E-5
1.3323273742571473E-4
3.0172062906785868E-5
2.931706876552198E-5
5.720412082155235E-5
5.382437666412443E-5
1.5219110537145752E-5
5.062106647528708E-4
4.691928188549355E-5
2.0533673523459584E-4
2.7503929231897928E-5
1.8465198809280992E-4
5.0082162488251925E-5
7.918447226984426E-5
0.012956028804183006
8.075882215052843E-5
3.0649193831777666E-6
1.234717055922374E-4
1.1930773325730115E-4
1.1720889597199857E-4
7.223864940897329E-6
5.125399911776185E-5
3.5682842280948535E-5
4.469505074666813E-5
9.75241982814623E-6
1.5179515685304068E-5
2.6143205468542874E-4
0.015359162352979183
8.422003702435177E-6
1.056548353517428E-4
1.1088391329394653E-4
1.379924506181851E-4
1.8834369939213502E-6
1.8974429622176103E-5
4.1885909013217315E-5
9.547195077175274E-5
2.976970063173212E-5
1.0805101737787481E-5
8.85890403878875E-6
1.120258639275562E-5
4.838306631427258E-4
6.027946710673859E-6
4.586751674651168E-5
2.624959734021104E-6
7.198283128673211E-5
9.110992687055841E-5
5.388851059251465E-5
3.476747224340215E-5
5.716821760870516E-6
1.1815417383331805E-4
1.3732944353250787E-5
6.370698974933475E-5
4.073256059200503E-5
1.44105088111246E-5
0.12235024571418762
1.1989635822828859E-4
1.4149362687021494E-4
1.0734331226558425E-5
4.1183877328876406E-5
2.659601450432092E-4
2.8851562092313543E-5
3.3473793337179814E-6
8.670138049637899E-5
0.0012685536639764905
1.9970646462752484E-5
1.4247785657062195E-5
1.787673681974411E-4
3.2526957511436194E-5
2.5924677174771205E-5
3.009731153724715E-5
3.617524998844601E-5
3.079491580137983E-5
2.528724871808663E-5
2.3910835807328112E-5
1.0769700566015672E-5
2.1380652469815686E-5
1.170075120171532E-5
1.0894488514168188E-4
1.0911944991676137E-4
5.5369757319567725E-5
8.081269334070385E-5
3.355643275426701E-5
1.2361542030703276E-4
3.97126168536488E-5
8.86302805156447E-5
7.91167258284986E-5
3.1421146559296176E-5
1.9220344256609678E-5
1.709147181827575E-5
9.269378642784432E-5
1.6909782061702572E-5
8.838738722261041E-6
1.1593829549383372E-4
9.262510138796642E-5
2.8499276595539413E-5
1.903301163110882E-4
0.005465485621243715
2.8535581805044785E-5
4.300443106330931E-5
7.108546560630202E-4
2.0331755877123214E-5
3.400934292585589E-5
5.1234579586889595E-5
1.1791454198828433E-5
1.0195838694926351E-4
5.294672882882878E-5
1.5129694475035649E-5
3.499757804092951E-5
1.8498586723580956E-4
3.031087398994714E-4
3.308972009108402E-5
5.115626263432205E-4
8.976480603450909E-5
2.5479801479377784E-5
5.192515891394578E-5
4.8327474360121414E-5
4.4041626097168773E-5
1.1701383482431993E-4
2.54905826295726E-5
1.0706310604291502E-5
2.636165590956807E-4
2.2402755348593928E-5
3.3010722836479545E-4
1.2147328379796818E-4
8.366112524527125E-6
2.636931458255276E-5
3.2923772232607007E-4
9.005258907563984E-4
1.6503555525559932E-4
5.3388506785267964E-5
2.2299675038084388E-4
1.0436598677188158E-4
6.0028185544069856E-5
1.6502739299539826E-6
6.111273251008242E-5
1.846780469350051E-5
3.201832078048028E-5
1.654407606110908E-5
1.4227608335204422E-4
2.107702493958641E-5
1.375126448692754E-4
1.1235485726501793E-4
1.7486052820459008E-4
6.677590863546357E-5
4.452493885764852E-5
2.6269462978234515E-5
6.489713996415958E-5
8.740962948650122E-5
3.5078381188213825E-5
2.362086706853006E-5
9.93870708043687E-6
3.0365330530912615E-5
6.143579230410978E-5
1.6983096429612488E-4
2.2493173673865385E-5
2.4060970463324338E-4
2.42531477852026E-5
1.351029277429916E-5
2.003962617891375E-5
1.6485237210872583E-5
6.14267701166682E-5
2.2207561414688826E-5
1.0534141438256484E-5
8.620195330877323E-6
3.4148510167142376E-5
2.6631063519744202E-5
1.7738333554007113E-5
4.461869684746489E-5
8.354714373126626E-5
0.009134412743151188
2.0191469957353547E-5
5.053006680100225E-5
4.707682455773465E-5
8.420931408181787E-6
4.2830477468669415E-5
1.7918322555487975E-5
0.012992731295526028
1.777507713995874E-5
8.56428814586252E-5
4.2246032535331324E-5
1.0896430467255414E-4
1.9731589418370277E-5
1.8431415810482576E-5
1.2335105566307902E-5
7.004607323324308E-5
1.5749927842989564E-4
8.632511708128732E-6
2.4810608010739088E-5
1.4644869224866852E-5
1.9490620616124943E-5
3.122617636108771E-5
6.6163152041553985E-6
4.162800178164616E-5
5.9089587011840194E-5
1.373770646750927E-5
4.738147617899813E-5
6.06011672061868E-5
1.3526073416869622E-5
4.809500023839064E-5
5.679541936842725E-5
2.440620846755337E-5
3.362636925885454E-5
1.27495382912457E-4
1.2860072274634149E-5
2.2298479962046258E-5
1.9430703105172142E-5
0.006085581611841917
3.8313610275508836E-5
2.1450763597385958E-5
5.340607458492741E-5
3.1292790663428605E-4
8.008712757145986E-5
1.372092629026156E-5
3.982953785452992E-6
1.7969855980481952E-4
4.0436665585730225E-5
1.6446705330963596E-6
7.452463614754379E-5
1.834544491430279E-5
3.390781057532877E-5
2.228291668870952E-5
9.636602953833062E-6
2.046345434791874E-5
8.21440844447352E-5
2.898455713875592E-4
8.85544577613473E-5
1.613803397049196E-5
1.0866488446481526E-4
1.2961779248144012E-5
2.6004749088315293E-5
4.7307194108725525E-6
1.856785274867434E-5
5.842077734996565E-5
4.6654968173243105E-6
2.16115040529985E-6
2.710933767957613E-5
1.513508177595213E-4
3.185054083587602E-5
1.69470498804003E-4
1.3395418818618055E-6
1.3834494893671945E-5
3.227116394555196E-5
7.857532909838483E-5
1.542410027468577E-4
1.900301140267402E-5
2.8312922950135544E-5
1.1561190331121907E-4
8.801395597402006E-5
5.066628000349738E-5
1.259944292542059E-5
2.4501472580595873E-5
4.866904782829806E-5
3.716267747222446E-5
1.9856133803841658E-5
2.843794209184125E-5
3.1344254239229485E-5
2.4281871446873993E-6
1.3985924306325614E-4
2.0962379494449124E-6
1.6839893942233175E-4
6.883969945192803E-6
3.5001074138563126E-5
2.1299752916092984E-5
1.2147470442869235E-5
4.541728776530363E-5
2.558499363658484E-5
4.546752825262956E-5
5.3607338486472145E-5
2.7607906304183416E-5
8.942400199885014E-6
4.691424692282453E-6
2.220369060523808E-5
1.53768796735676E-5
8.05802847025916E-5
3.331283005536534E-5
1.7130902051576413E-5
1.7509408280602656E-5
1.3433573258225806E-5
2.8847125577158295E-5
2.8893437047372572E-5
8.21940466266824E-6
2.995739851030521E-5
1.537418575026095E-5
1.5805622388143092E-4
6.552749982802197E-5
2.938979559985455E-5
9.819437764235772E-6
7.629175797774224E-6
2.717398092499934E-5
8.140648424159735E-5
1.4697657206852455E-5
2.016534563153982E-5
4.458327384782024E-5
1.281404693145305E-4
2.221621343778679E-6
1.00628149084514E-5
1.989566590054892E-5
1.8810211258823983E-5
1.5722636817372404E-5
2.3252019673236646E-5
2.748284714471083E-5
1.8631533748703077E-5
8.920707841753028E-6
1.917683766805567E-5
2.433265617582947E-4
1.547307510918472E-5
1.2014513231406454E-5
1.670821620791685E-5
2.2093149709689897E-6
1.0671650670701638E-5
1.2877539120381698E-5
1.8505152183934115E-5
1.7152776126749814E-4
4.907326365355402E-5
1.1021966201951727E-4
4.31127155025024E-5
4.793491370946867E-6
2.054819924524054E-5
2.2322208678815514E-5
2.0653025785577483E-5
1.6302854419336654E-5
3.6076511605642736E-5
1.9414021153352223E-5
1.4961766282794997E-5
3.07808950310573E-5
4.788821388501674E-5
2.7718435376300476E-5
1.2401774256431963E-5
3.837255935650319E-4
7.251104398164898E-5
1.4337856555357575E-4
1.1131010978715494E-5
1.5186757082119584E-5
1.545502345834393E-5
2.0960067558917217E-5
1.957621179826674E-6
1.0214878784609027E-5
2.3976914235390723E-5
2.831322854035534E-5
1.5979667296051048E-5
1.1935178190469742E-4
2.817399217747152E-5
2.1668634872185066E-5
9.363124991068617E-5
1.1690938117681071E-4
2.9470322260749526E-5
2.1157798073545564E-6
1.705118120298721E-5
1.283265828533331E-5
4.309680207370548E-6
4.446485036169179E-5
1.3568700524047017E-5
4.8069010517792776E-5
2.1467029000632465E-5
1.4046812793822028E-5
4.619604806066491E-5
3.257378193666227E-5
7.800760613463353E-6
1.5034383068268653E-5
1.7721247786539607E-5
1.4573078260582406E-5
8.289080869872123E-5
9.687566489446908E-6
9.405974196852185E-6
5.774002420366742E-5
9.636820323066786E-6
9.6677604233264E-7
1.2297059583943337E-4
1.4822358025412541E-5
5.591579611063935E-5
5.018415322410874E-6
1.1085071491834242E-5
8.69136601977516E-6
1.7913059855345637E-4
2.9265034754644148E-5
3.197541809640825E-4
1.364117197226733E-4
1.3920509445597418E-5
3.0359798984136432E-5
2.8020374429615913E-6
6.613859568460612E-6
1.7269276213482954E-5
3.868573185172863E-5
3.334115899633616E-5
7.639137766091153E-5
2.557486295700073E-4
1.071859514922835E-5
3.847136758849956E-5
1.6029523976612836E-5
2.54845799645409E-4
2.3819143825676292E-4
1.644257463340182E-5
1.907227488118224E-5
2.9441793230944313E-5
6.925176421646029E-5
1.2028534911223687E-5
2.0156851405772613E-6
6.463791942223907E-5
2.078330362564884E-5
2.7765408958657645E-5
1.3654747817781754E-5
6.108051366027212E-6
3.2742213988967706E-6
3.004293830599636E-4
1.2815691661671735E-5
1.1299935067654587E-5
1.0891495549003594E-5
1.432853787264321E-5
2.0146850147284567E-5
7.582042599096894E-5
3.75654999515973E-5
2.6834320578927873E-6
4.2224564822390676E-5
2.612182652228512E-5
2.7294130632071756E-5
4.151466418989003E-5
3.983987426181557E-6
9.938230505213141E-6
3.910928626282839E-6
1.0590931196929887E-5
4.990263551007956E-5
3.111024625468417E-6
1.050044102157699E-5
2.710852186282864E-6
4.936941331834532E-5
2.8935741283930838E-5
6.848431894468376E-6
2.2159197214932647E-6
3.000290598720312E-5
1.6305377357639372E-5
1.5319117665058002E-5
4.6327746531460434E-5
3.299990567029454E-6
4.951029495714465E-6
1.0405169450677931E-4
1.9434317437116988E-5
3.137893372695544E-6
1.3034285075264052E-5
2.1004814243497094E-6
0.0012919552391394973
3.4982720080733998E-6
3.6924197047483176E-5
1.9428038285695948E-5
8.135994721669704E-5
1.0690908311516978E-5
9.895973562379368E-6
1.8537548385211267E-5
1.5198213986877818E-5
2.7170521207153797E-5
8.969398913905025E-5
3.1662837045587366E-6
7.146302232285962E-5
1.4171125258144457E-5
5.334962042979896E-5
4.889371484750882E-5
7.457836090907222E-6
6.21827639406547E-5
2.1312815078999847E-5
4.6873742576281074E-6
5.5708951549604535E-6
6.590531484107487E-6
1.4284116787166568E-6
1.7614027456147596E-5
2.251397745567374E-5
3.556614319677465E-5
9.811180461838376E-6
8.800516661722213E-5
7.021218607405899E-6
8.924246685637627E-6
1.1506031114549842E-5
6.147015665192157E-5
2.214970299974084E-4
4.835572781303199E-6
8.726573469175491E-6
1.183746826427523E-5
4.298338171793148E-5
4.85668278997764E-5
1.0716139513533562E-5
1.5140137111302465E-4
2.8493499485193752E-5
7.5734265010396484E-6
1.748504291754216E-5
9.621620993129909E-4
2.8648424631683156E-5
9.380098163092043E-6
1.0404689419374336E-5
6.604882219107822E-5
1.1425127013353631E-4
1.1021286627510563E-4
8.00557518232381E-6
3.204513996024616E-5
1.3048908840573858E-5
3.744007699424401E-5
1.4987313079473097E-6
2.4491705516993534E-6
2.6364074074081145E-5
2.5226749130524695E-5
1.706765397102572E-5
3.1595682230545208E-6
4.241218448441941E-6
4.250978236086667E-6
9.768612471816596E-6
2.79466257779859E-5
3.1607039545633597E-6
1.663790681050159E-5
1.3660565855388995E-5
1.2127323316235561E-5
2.7898288681171834E-4
1.5300857194233686E-4
3.4711870830506086E-4
5.833913292008219E-6
1.4414968973142095E-5
0.0031394287943840027
2.063028296106495E-5
2.0289071471779607E-5
1.3524255564334453E-6
6.704711267957464E-5
5.513023279490881E-5
1.2128335220040753E-4
0.023469872772693634
2.873934818126145E-6
4.7386049573105993E-7
4.209538019495085E-6
6.635606951022055E-6
2.839066473825369E-5
7.100392394931987E-6
3.4748452435451327E-6
3.8872570939929574E-7
2.332665171707049E-4
2.613644710436347E-6
4.4575896026799455E-5
5.152585436007939E-5
3.0614244224125287E-6
1.6572348613408394E-6
4.8000679271353874E-6
0.001537573290988803
1.3267295798868872E-5
5.8792560594156384E-5
1.6824729755171575E-5
7.984411240613554E-6
3.342855052324012E-5
3.684559487737715E-5
9.133735875366256E-5
6.656294135609642E-5
3.7082531889609527E-6
6.998900062171742E-6
4.2745238170027733E-4
2.5447134248679504E-5
1.4899725329087232E-6
1.8738121070782654E-5
1.604890712769702E-5
1.3023210158280563E-5
7.36793372198008E-5
3.945493517676368E-6
1.3202942682255525E-5
1.3195088831707835E-4
7.74932686908869E-6
6.032867531757802E-5
6.8502699832606595E-6
1.2917183767058305E-7
3.352260318933986E-5
2.1046373149147257E-5
3.901781383319758E-6
9.337578376289457E-5
0.039379917085170746
1.689063083176734E-6
3.245539483032189E-5
1.3656512237503193E-5
8.13662409200333E-5
1.0269916856486816E-5
7.28199609056901E-7
2.0345856682979502E-5
0.018904244527220726
2.9008999717916595E-6
4.172423723503016E-5
5.09054480062332E-5
2.839242824848043E-6
2.8793247111025266E-5
2.69297252089018E-5
3.7773445455968613E-6
2.5689185349619947E-5
1.2548142649393412E-6
5.932626299909316E-5
0.002185947960242629
1.480941500631161E-5
4.813080886378884E-5
1.4948818716220558E-5
2.7402144041843712E-5
4.5338809286477044E-5
1.7142633623734582E-6
9.097422662307508E-6
3.3385595088475384E-6
8.362621156265959E-5
1.5234916645567864E-5
7.328163337660953E-5
1.9267470634076744E-4
2.213523657701444E-5
1.5835303929634392E-4
7.005201496212976E-6
4.487649493967183E-5
2.0945908545400016E-5
4.4426528233998397E-7
2.6583926228340715E-5
3.056890273001045E-5
5.049532774137333E-6
5.675927604897879E-5
7.165397255448624E-5
3.3773010272852844E-6
2.1358322555897757E-5
8.830514275359747E-7
8.517581591149792E-6
1.3342347301659174E-5
3.673398168757558E-5
2.566605144238565E-5
1.055592110787984E-5
2.926406523329206E-6
2.226029437224497E-6
6.253014362300746E-6
1.5247753253788687E-5
9.180828783428296E-6
1.6602465393589227E-6
0.001599740469828248
2.660205245774705E-5
9.634198067942634E-5
1.1204198926861864E-5
1.6551328008063138E-4
4.8792408051667735E-5
2.1710669898311608E-5
0.003055521985515952
2.1272928279358894E-4
3.60625926987268E-5
3.4374547794868704E-6
1.3015470358368475E-5
1.0695007222238928E-4
1.239083576365374E-5
4.5059650233270077E-7
6.076531008147867E-6
0.0011350924614816904
2.9172695576562546E-5
3.0488581614918076E-6
1.0335306797060184E-5
2.907536691054702E-4
8.244516038757865E-7
4.6446523629128933E-4
6.901331289554946E-6
3.174831817887025E-6
3.3334834733977914E-4
3.9701099012745544E-6
2.786420282063773E-6
1.063180243363604E-4
5.242308361630421E-6
6.06652383794426E-6
1.8225950771011412E-4
1.3060696801403537E-5
2.3567422431369778E-6
2.0523123112070607E-6
2.0262046746211126E-5
9.35823300096672E-6
4.6810573621769436E-6
8.98432426765794E-6
7.202464621514082E-5
5.217584111960605E-5
6.750448392267572E-6
2.6863894890993834E-4
3.1653864425607026E-5
3.568563624867238E-5
1.3665034202858806E-5
1.6995032638078555E-5
3.510498208925128E-5
5.760590738645988E-6
1.8288125284016132E-4
2.519904592190869E-5
4.869331678492017E-5
4.154461748839822E-6
4.844204886467196E-5
1.2609182704181876E-5
7.419804751407355E-5
1.1496897059259936E-5
3.9888986975711305E-6
1.0947038390440866E-4
2.262783527839929E-5
2.0652658713515848E-4
2.908234018832445E-4
1.886495851977088E-6
9.841695828072261E-6
7.26471480447799E-5
1.0521986041567288E-5
8.019220331334509E-6
1.3658396937898942E-6
8.394529140787199E-5
2.22529997699894E-4
8.634668120066635E-6
8.730842819204554E-5
9.711770871945191E-6
3.4604090615175664E-6
6.135000148788095E-5
8.228760561905801E-4
0.0018215710297226906
1.174454519059509E-4
1.9403110854909755E-5
6.9427569542312995E-6
5.624833647743799E-5
5.8201262618240435E-6
8.681846338731702E-6
2.8655662390519865E-5
5.745069302065531E-6
1.543753569421824E-5
3.6823988921241835E-5
1.727841117826756E-5
2.2158486899570562E-5
2.3678698926232755E-4
3.885674232151359E-5
6.004244369250955E-6
1.865320336946752E-5
1.273450834560208E-5
3.284519334556535E-5
2.1245421521598473E-5
1.3414336308414931E-6
9.436698019271716E-5
1.2194910596008413E-5
9.503259207122028E-6
8.147141670633573E-6
8.06417392595904E-6
3.495421333354898E-5
5.3819265303900465E-5
7.731651976428111E-7
4.247385368216783E-5
4.4661946958513E-6
3.5310847579239635E-6
3.4959089134645183E-6
1.0629522876115516E-5
4.2343715904280543E-4
8.06058869784465E-6
3.5940163343184395E-6
4.749906111101154E-6
5.321089702192694E-6
1.1498190133352182E-6
3.935007407562807E-5
6.212086736923084E-5
1.774759584804997E-5
9.083037184609566E-6
2.2198602891876362E-5
8.6288018792402E-6
5.8141276895185E-6
2.9728738809353672E-5
1.1671270840452053E-5
2.3184056772151962E-5
0.007451614364981651
9.09802911337465E-5
5.294351285556331E-5
3.065495775445015E-6
2.7894648155779578E-5
3.0812745535513386E-5
1.1348585076120798E-6
9.06832701730309E-6
5.1942147365480196E-6
6.783718708902597E-5
1.7236076018889435E-5
1.7922390327385074E-7
2.6781683118315414E-5
3.306217840872705E-4
6.081331521272659E-4
2.5152325179078616E-5
1.2956004866282456E-5
3.486559944576584E-5
4.11229812016245E-5
8.807321137282997E-6
1.3239481631899253E-5
1.102927217289107E-5
9.531071555102244E-6
1.7200085858348757E-4
2.3653256357647479E-4
4.664423158828868E-6
3.43845495081041E-5
1.73801572600496E-6
5.956546829111176E-6
1.9977962438133545E-5
2.3412170776282437E-5
1.0087739610753488E-5
7.688662662985735E-6
3.373619961166696E-7
4.3016220843128394E-6
8.333257028425578E-6
6.75276623951504E-7
6.090458555263467E-5
5.476356818689965E-6
1.9543685993994586E-6
2.8256797790504606E-8
5.8947612160409335E-6
6.872558969917009E-6
3.2693285447749076E-6
1.063967738446081E-5
1.93724304153875E-6
4.804348009201931E-6
5.661610202878364E-7
3.864074642478954E-6
6.776565442123683E-6
2.848278745659627E-5
1.7200429283548146E-5
1.8274973626830615E-5
9.645375484979013E-7
1.712989433144685E-5
0.01065179705619812
3.916010427928995E-6
2.546924770285841E-5
2.7545522243599407E-5
3.704037953866646E-5
1.6108522686408833E-5
2.50994798989268E-6
6.84221095070825E-6
3.377448592800647E-5
5.427736596175237E-6
5.495525783771882E-6
2.754317392827943E-5
2.7023779693990946E-6
6.234200213839358E-7
3.817196920863353E-5
9.946428690454923E-6
1.714265067676024E-6
2.3006690753391013E-5
1.8371334590483457E-5
1.8726545022218488E-5
2.783561967589776E-6
2.113036089212983E-6
1.52980846905848E-5
8.186530635612144E-7
6.34005933534354E-4
4.346790319686988E-6
2.275888982694596E-5
3.7250617879180936E-6
5.039548796048621E-6
1.436976708646398E-5
9.669096243669628E-7
2.6970319595420733E-6
2.1126786009517673E-7
0.002331275725737214
3.987871423305478E-6
1.1587425206016633E-6
4.144286833707156E-7
3.6020749121234985E-6
6.349763680191245E-6
4.492994776228443E-6
8.880419954948593E-6
5.1219980377936736E-5
2.052412492048461E-5
6.547294560732553E-6
1.3655590009875596E-5
6.461602606577799E-5
5.436906940303743E-5
2.5293950329796644E-6
1.6240425111391232E-6
3.0917599360691383E-5
1.483044457017968E-6
1.4721194929734338E-5
6.144745275378227E-4
2.882498165490688E-6
1.5467619959963486E-5
1.812736809370108E-5
7.564000270576798E-7
1.6569767922192113E-6
2.683106231415877E-6
7.526809326918737E-7
5.006947503716219E-6
1.8853697838494554E-5
7.503309689127491E-7
1.0808809065565583E-6
3.899722287314944E-6
1.4598714415114955E-6
4.7596982767572626E-5
2.1640667000610847E-6
1.778968226062716E-6
1.1627269032032927E-6
4.029595288557175E-7
2.879758903873153E-5
2.7345779471943388E-6
3.4948616303154267E-6
2.2233953131944872E-6
6.296736955846427E-6
3.0191837140591815E-5
7.590675522806123E-6
4.503430773183936E-6
4.031450316688279E-6
1.0534296961850487E-5
1.4375998169668947E-8
2.8655765618168516E-6
8.481965352302723E-8
4.102515958948061E-6
2.7916232170355215E-7
2.859949745470658E-6
2.4187056624214165E-6
3.2741090763011016E-6
8.251050167018548E-5
4.1134018829325214E-5
2.827821163009503E-6
1.1661696589726489E-5
2.020369038291392E-6
8.795581379672512E-6
1.3392288565228228E-5
8.213561386583024E-7
1.1028008884750307E-5
0.07597624510526657
2.8671438485616818E-5
1.4064338529351517E-6
1.4486430472970824E-6
5.522599977325626E-8
4.7890011956042144E-6
1.2987407899345271E-5
7.050784347484296E-7
1.8234644585390924E-6
8.768000952841248E-6
1.5358360769823776E-6
0.003913106396794319
2.160576514143031E-5
1.811303081922233E-5
1.7292158815962466E-7
1.082568473975698E-6
7.999102308531292E-6
6.553968887601513E-7
3.595173154735676E-7
5.146833714775312E-8
6.619759460591013E-7
1.88232877462724E-6
0.0038983349222689867
1.812937398426584E-6
0.0011324689257889986
3.9911337808007374E-6
4.6693389776919503E-7
3.523272243910469E-5
2.92081713268999E-5
1.4842620430499665E-6
3.8006729141670803E-7
2.4321259388671024E-6
2.783891886792844E-6
4.5399747250485234E-7
0.001221269485540688
6.597443302780448E-8
7.4461372605583165E-6
3.65729448503771E-7
6.406053785212862E-7
1.4439660844800528E-6
3.536592885211576E-7
9.762195077200886E-6
1.3999271004649927E-6
5.875390343135223E-6
2.5390883706677414E-7
5.341725000107544E-7
0.037878867238759995
4.255852843471075E-7
5.027323481954227E-7
5.610040716419462E-6
1.4000587498230743E-6
5.214710085965635E-7
2.146226592003586E-7
1.0342130735807586E-5
2.0902211872453336E-6
1.7911932559400157E-7
7.291472314818748E-8
1.0034311799245188E-6
0.0031210882589221
1.211026727787612E-7
0.0028701897244900465
2.3939990114740795E-6
3.126978924683499E-7
1.958388111233944E-6
6.26559994998388E-7
8.590296829424915E-7
5.247599688118498E-7
3.3248991826440033E-7
7.684849379074876E-8
1.383030365786908E-7
2.1300925823197758E-7
7.014481440137388E-8
1.0764708235910803E-7
9.149933077878813E-8
3.942133162126993E-7
5.3391875809438716E-8
2.9087885877743247E-7
1.8095024145736716E-8
1.2009430975012947E-5
5.152624567017483E-7
6.047926945029758E-6
1.5185537449724507E-7
1.1633936480848206E-7
1.3687528621630918E-7
5.097959387967421E-7
6.888701591378776E-7
2.4217337113441317E-7
9.937040346130743E-8
4.2103386022063205E-7
1.5615539723512484E-6
1.1077288775140914E-7
1.3604464221828039E-8
6.256622668843193E-7
5.589560032603913E-7
4.115508644986221E-8
6.465437252245465E-8
3.3370167074053825E-8
1.104582679545274E-6
2.0656807819818823E-8
4.3260416759949294E-7
4.4963716305801427E-8
6.457747986132745E-6
4.4416641031830295E-8
4.0706861881290024E-8
5.362537649489241E-6
2.720598857308687E-9
5.23571719313054E-9
6.496445159598352E-9
4.95336704986471E-9
1.581307085274375E-9
9.702833203562022E-9
2.613919392047137E-8
1.526100459159352E-5
3.7123689367035695E-7
1.38424229589873E-5
6.533233065653121E-9
1.5529437291661452E-8
1.8234207033174243E-8
3.2651572556829933E-9
7.046258687637419E-9
4.351812421532486E-8
2.8847447097746226E-8
7.744925589747709E-9
8.754469149607758E-9
1.3365044182478414E-8
4.037191470018797E-9
1.4516284174703742E-8
1.1790380227694186E-8
6.5859615538954586E-9
6.66336361088149E-11
9.229623358988914E-13
