1,4-dihydroxy-2-halobenzenoids
2.921901977970265E-5
9.457668966206256E-6
2.8114779979659943E-6
1.7428184264645097E-6
2.0625658692097204E-7
1.0532095075177494E-5
2.5685238142614253E-5
4.550021458271658E-6
8.344152774952818E-6
8.019893357413821E-6
1.508293394181237E-6
4.08608957513934E-6
6.995341664151056E-6
3.5855346141033806E-6
1.4070390079723438E-6
1.1491606528579723E-5
2.514295374567155E-6
2.0647592464229092E-5
1.454516109333781E-6
2.593516796878248E-7
9.999491794587811E-7
1.9718049770744983E-6
2.655672517448693E-7
4.5860956561227795E-6
1.6101893152153934E-6
6.133416900411248E-5
1.6270209016511217E-5
5.181854589864088E-7
3.0146910035000474E-7
1.0148096407647245E-6
1.046336024046468E-6
4.808745416085003E-6
8.642344937470625E-7
1.125860194406414E-6
6.4889864006545395E-6
3.6018715832142334E-7
1.1279872751401854E-6
9.858181329036597E-7
3.295093620181433E-6
1.6753982663431088E-6
5.1645433813973796E-6
1.5485244375668117E-6
7.309165994229261E-6
7.679944928895566E-7
3.0909185966265795E-7
9.8147449989483E-7
4.230021659168415E-6
6.083570269765914E-7
1.2040700312354602E-6
1.0947658211080125E-6
1.3436686003842624E-6
4.904743036604486E-6
4.490617357078008E-6
2.451331511110766E-7
8.091819836408831E-6
9.815613566388492E-7
2.097289871016983E-5
1.437859054931323E-6
5.796584332529164E-7
2.203213171014795E-6
2.1363014184316853E-6
5.78338301693293E-7
6.343272502817854E-7
1.2857564797741361E-5
7.47418027913227E-7
2.4451451281493064E-6
2.320913608855335E-6
4.493405413086293E-6
8.647595677757636E-6
2.721984913023334E-7
1.597898403815634E-6
5.181906317375251E-7
1.2629609500436345E-6
1.1205343071196694E-6
8.060711707003065E-7
1.203199872179539E-6
1.4325916026791674E-6
1.0674609711713856E-6
3.4915353808173677E-7
1.7271992192036123E-6
7.77239677063335E-7
2.8326564915914787E-6
3.5414045669313055E-6
9.535380627312406E-7
1.2847297057305695E-6
6.5222984630963765E-6
2.2914507553650765E-6
6.3775341914151795E-6
9.069576663023327E-6
2.379783381911693E-6
1.0600275572869577E-6
9.439630730412318E-7
8.915811122278683E-6
2.0381676790748315E-7
5.0574653869261965E-6
7.493791827073437E-7
1.5635537238267716E-6
1.4689560430269921E-6
1.3432235164145823E-6
4.3754096168413525E-7
1.5562746114028414E-7
1.71850160768372E-6
3.748639983314206E-6
1.2528601267547401E-8
1.2500476032073493E-7
9.427894269720127E-7
1.2958212209923659E-6
1.320205029742283E-7
5.491969545801112E-7
1.3102036291456898E-6
3.7881086427660193E-6
2.2866919380248873E-7
1.9908550257241586E-6
2.8036998855895945E-7
2.2211667172200578E-8
5.569889935941319E-7
1.1771185199904721E-6
4.844561658501334E-7
2.160454215527352E-7
2.5725298655743245E-6
2.940171270893188E-7
1.497764969826676E-7
9.224504537996836E-7
7.248985639307648E-6
2.1318678591342177E-6
4.997841642762069E-6
1.5493699265789473E-6
2.145055191249412E-7
3.032494078070158E-6
4.6296434447867796E-5
1.6453661828563781E-6
1.0024531366070732E-4
2.4634650799271185E-6
1.2090426082522754E-7
5.9122926359123085E-6
2.558946050612576E-7
1.1333052043482894E-6
2.5555416414135834E-6
5.834202966070734E-6
9.685235227152589E-7
1.6100257482776215E-7
2.5953788735932903E-6
8.814575380711176E-8
3.0575049549952382E-6
9.337080882687587E-6
6.948886039026547E-6
1.3408238146439544E-6
9.975498471703759E-8
3.5146094887750223E-6
3.849597487715073E-5
1.2214710523039685E-6
1.0795639582283911E-6
2.0249427734597703E-7
7.341060381804709E-7
1.6289943687297637E-6
6.75003434480459E-7
4.6038684331506374E-7
1.9754601510157954E-7
1.442654706806934E-6
7.734365681244526E-7
1.0213124141955632E-6
4.7578294015693245E-7
1.4813283542025601E-6
5.357210284273606E-6
1.101131488212559E-6
1.1018423720088322E-6
1.7831991954153636E-6
1.5286881307474687E-6
7.838770216039848E-6
2.405922259640647E-6
2.379140596531215E-6
4.871063538303133E-6
5.843821782036684E-7
1.3977970638734405E-6
2.0490758743108017E-6
7.197441931339199E-8
1.4850272236799356E-5
3.658942296169698E-5
2.1279218742620287E-7
6.396786602635984E-7
1.6070721358119044E-6
1.8504507579564233E-6
2.73386433491396E-7
3.8180613159966015E-7
4.736861285437044E-7
2.2547351363755297E-7
2.4434025363007095E-6
4.078659969763976E-7
3.488806754603502E-8
2.6875510229729116E-4
7.206946611404419E-5
9.337864867120516E-6
2.28200078709051E-5
1.8652614244274446E-6
1.5096900369826471E-6
1.343803546660638E-6
8.057489822022035E-7
1.309526851400733E-6
1.3005953860556474E-6
1.141660845860315E-6
4.168342400134861E-7
5.009387109566887E-7
3.144174115732312E-6
1.8937159040888218E-7
2.440683374516084E-6
2.8486536507443816E-7
7.495809768442996E-7
7.817682785571378E-7
1.2625086128537077E-5
6.621357897529379E-7
2.7122587198391557E-6
1.1738636203517672E-5
7.90973402331474E-8
4.843889200856211E-7
6.577403723895259E-7
1.2466733778637717E-6
1.543243115520454E-6
4.065335588165908E-7
1.7242914509552065E-6
3.1496631436311873E-6
8.315211061926675E-7
1.8974877775690402E-6
4.478325536183547E-6
1.3099744933242619E-7
9.551307812216692E-6
3.3683243145787856E-6
4.40537451140699E-6
1.148505702985858E-6
1.328888629359426E-6
2.9022487524343887E-6
3.4739562693175685E-7
6.603975180041743E-7
5.188735030969838E-6
8.97647225883702E-7
1.0498479241505265E-6
6.963310852370341E-7
5.591688477579737E-6
1.0462430509505793E-5
1.2573204912769143E-6
3.1154838779912097E-6
1.060699219124217E-6
3.07361642626347E-6
2.5580189344509563E-7
1.572727001075691E-6
1.349149670204497E-6
5.269489975034958E-6
4.440124030224979E-5
8.207742894228431E-7
1.2582621877754718E-7
2.5220710995199624E-6
2.5621770873840433E-6
3.612698719734908E-6
1.3727309351452277E-6
7.576177267765161E-7
5.392012667471136E-7
8.868337886269728E-8
7.590983273075835E-7
8.331207936862484E-6
8.728695320314728E-6
1.3270473573356867E-6
8.703028697709669E-7
8.325022804456239E-7
1.5446000816154992E-6
8.439393184289656E-8
3.005703547387384E-6
1.895254797545931E-7
8.169236593857931E-7
9.75557441051933E-7
2.0495565422606887E-6
1.6060749885582482E-6
6.234640750335529E-7
6.012776339048287E-6
6.357914230648021E-7
5.617076112685027E-6
1.1499354286570451E-6
1.4917910675649182E-6
6.256159963413666E-7
3.1964830782271747E-7
1.0435719559609424E-6
6.317605993899633E-7
1.4563952390744817E-5
1.5880508726695552E-5
9.598733186066966E-7
3.2690998068574117E-6
1.0132740726476186E-6
8.701693587909176E-8
1.435390004189685E-6
3.698370676374907E-7
3.1180476071313024E-5
6.751209724598084E-8
2.519230974940001E-7
1.319166244684311E-6
4.0272951196129725E-7
2.500603386579314E-7
7.299458957277238E-6
7.167614057834726E-7
1.5504714610869996E-5
6.737809599144384E-7
1.1120824865429313E-6
7.285934771061875E-7
5.696560947399121E-7
6.179160436659004E-7
1.5914753021206707E-5
3.9197229853016324E-6
1.603456098564493E-6
1.1182609114257502E-6
1.0045038152384222E-6
1.5819690815987997E-5
4.750968400912825E-7
1.8994475681211043E-7
4.7666446789662587E-7
1.8363291474088328E-6
1.956617978748909E-7
6.753995762665E-8
1.9067503671976738E-5
7.079279953359219E-7
6.17567025074095E-7
1.9695296771260473E-7
1.4003248338667618E-7
1.1668448678392451E-6
2.1768553324363893E-6
1.4757075632587657E-6
9.061037644642056E-7
1.1312392871332122E-6
1.4428035228775116E-6
4.379249105568306E-7
3.3788410291890614E-7
1.108605260924378E-6
2.9593491035484476E-6
9.726243206387153E-7
3.2070974498310534E-7
2.3543528016034543E-7
6.552201625709131E-7
7.402566097880481E-7
9.97960455606517E-7
1.2612011346391228E-7
4.250670997407724E-7
1.1919382814085111E-7
1.07139271676715E-6
4.537672850801755E-7
1.8214057035947917E-6
2.63254491983389E-7
1.2697818192464183E-6
8.429506124230102E-6
1.3699315104531706E-7
3.7012691791460384E-6
5.843284270667937E-6
7.269574098245357E-7
8.652186522795091E-8
2.7268515623291023E-7
7.643161552550737E-7
1.7058960111171473E-6
3.863738129439298E-6
1.6430100231445977E-6
6.061266617507499E-7
5.914882876822958E-7
3.016700020452845E-6
3.246033486448141E-7
1.866490890733985E-7
2.1650221526670066E-7
1.5718616168669541E-6
5.958552264928585E-7
9.127118687501934E-7
1.3052095937382546E-6
1.9868632534780772E-6
2.636904810060514E-7
1.2022206874462427E-6
1.3244953152025118E-6
6.29325541012804E-7
7.700785431552504E-7
5.527473945221573E-7
4.416236606630264E-6
1.3309352198120905E-6
2.57690714988712E-7
4.136074949201429E-7
1.3935765537098632E-6
5.250158210401423E-7
6.56993393022276E-7
1.5944479514473642E-7
5.217949023972324E-7
9.08168772184581E-7
2.77363756140403E-6
6.415468192244589E-7
2.34794910625169E-7
7.954296279422124E-7
1.1805551594079589E-6
5.899451593904814E-7
1.4343716259190842E-7
4.318884236909071E-7
7.099713883462755E-8
3.955746876727062E-7
1.071163978849654E-6
4.276952267900924E-7
9.036062351697183E-7
3.665188899049099E-7
9.151660833595088E-7
1.3669906593349879E-6
3.9378069232043345E-6
7.881117767283286E-7
7.860951427574037E-7
7.301080131583149E-7
4.997029918740736E-7
5.267856408863736E-7
1.6183801108127227E-6
6.601968038921768E-7
3.9861197365098633E-7
1.6633923394238082E-7
4.0300528780790046E-7
1.2933787729707547E-6
1.5189819180250197E-7
4.5247730895425775E-7
5.411947654465621E-7
5.203224873184809E-7
6.705930104544677E-7
1.1782861264464373E-7
9.722692766445107E-7
1.2357600098766852E-6
7.468376566066581E-7
8.811760494609189E-7
4.668644123739796E-6
3.362184088473441E-6
1.8446984029196756E-7
1.2834053677579504E-6
3.871712692671281E-7
8.85735425981693E-6
5.55502701615751E-8
5.849051376571879E-7
4.779967639478855E-7
7.029929349755548E-8
4.707698337824695E-7
5.960047815278813E-7
1.4429082284550532E-7
5.481147695718391E-7
2.5751799057616154E-6
5.277495915834152E-7
1.164775198958523E-6
3.576750202682888E-7
5.403388740887749E-7
1.809625160831274E-7
5.331344254955184E-7
1.1114533435829799E-6
6.986280709497805E-7
7.028654181340244E-6
1.756370011207764E-6
6.549289537360892E-7
5.241884082352044E-7
4.904612978862133E-6
5.320824243426614E-7
6.740314802300418E-6
1.2449351061150082E-7
7.42006386644789E-6
4.932518891109794E-7
3.2890477541513974E-6
6.695459546790516E-7
2.1658325977114146E-7
3.482024268919304E-8
6.779555405955762E-7
6.857586640762747E-7
1.0103078551537692E-7
5.342874942471099E-7
1.0995858019668958E-6
8.118371397358715E-7
3.3734489989001304E-5
2.067694708784984E-7
2.274873764918084E-7
4.7085103460631217E-7
6.651153512393648E-7
8.393812095164321E-6
1.482283209952584E-6
9.712743121781386E-6
9.126160307459941E-7
1.8077451386488974E-5
7.273675350916164E-7
5.957399480394088E-6
2.1476901679307048E-7
1.1895254914406905E-7
1.1669321793306153E-6
1.1305672842354397E-6
5.730113343815901E-7
5.392490152189566E-7
3.11866187985288E-6
1.4991018133514444E-6
9.074503850570181E-7
4.438784060312173E-7
3.2224903407040983E-5
9.599416443961672E-7
4.6952706611591566E-7
3.50382663327764E-7
7.658831435719549E-8
2.5042351126103313E-7
6.594534340820246E-8
3.521900850955717E-7
3.1506349387200316E-6
1.6641243405501882E-7
1.592365720171074E-6
6.650327577517601E-7
9.374409870588352E-8
8.693159969652697E-8
1.0085848600738245E-7
1.4329407349578105E-6
7.895141607150435E-8
4.432612058735685E-6
1.3232148887709627E-7
3.9545085428471793E-7
1.054783865583886E-6
8.331278422701871E-8
9.677370371719007E-7
1.921537887028535E-6
5.737937840422092E-7
2.361452061450109E-6
3.7379900277301203E-6
6.226438387102462E-8
6.24595259068883E-7
1.1732633993233321E-6
1.8089860986947315E-7
1.1027238144833973E-7
5.642438054564991E-7
1.5075432884259499E-6
5.6011856486293254E-8
1.052080236263464E-7
2.011851393035613E-6
4.987879833606712E-7
8.021269763958117E-7
6.565048238371674E-7
2.8072879558749264E-6
1.240291709336816E-7
7.475414918189927E-7
9.552279607305536E-7
7.21669152881077E-7
4.895133898230597E-8
7.982829970387684E-7
3.2040631481322634E-7
1.0123311540155555E-6
9.169997383651207E-8
1.713163868544143E-7
1.4920334479029407E-6
7.029976245576108E-7
2.591054482081745E-8
1.5115431324375095E-6
5.3899086196906865E-5
1.3399655074408656E-7
1.909810407596524E-6
1.7443128399463603E-6
2.067383093162789E-6
3.099823970842408E-7
9.191835488309152E-7
1.238747415754915E-7
6.535393595186179E-7
1.1220489568586345E-6
1.9155208974552806E-7
8.076811468527012E-7
3.113295576895325E-7
1.0516702531049305E-7
3.4112048297174624E-7
7.002419692980766E-7
6.9150237322901376E-6
2.550963529301953E-7
1.44939463098126E-7
3.21903371514054E-7
3.274789719398541E-7
1.4329574696603231E-5
4.844347145649408E-8
7.532637027907185E-6
2.9751930696875206E-7
6.418493740056874E-6
1.0425376785860863E-5
2.575946155047859E-6
1.649931959946116E-6
3.109443014182034E-8
2.5965305212594103E-6
3.843446165774367E-7
6.577319595635345E-7
3.016488392404426E-7
1.3412515897925914E-7
3.340412035868212E-7
8.771063221502118E-6
9.118641628447222E-7
1.0622708401797354E-7
3.800111016971641E-7
1.3727309351452277E-6
3.1101624244911363E-6
6.440891411330085E-7
6.212331982169417E-8
3.983845090260729E-5
5.017315274358225E-8
1.7104936489431566E-7
6.215994653757662E-5
1.5097693051302485E-7
3.2256954796139325E-7
3.075384427120298E-7
2.357828066124057E-7
4.116118361707777E-7
2.047024645435158E-5
9.341286499875423E-8
1.0061518196380348E-6
2.5923972657437844E-7
3.3781243473640643E-6
2.908262786149862E-7
1.2131437188145355E-7
1.3079143172944896E-5
4.519846896755553E-8
4.7700808636363945E-8
4.002518778634112E-7
1.7328520129922254E-7
4.2796739307959797E-7
7.533390089520253E-7
3.754461985749913E-8
1.2590020048719452E-7
1.0716229553509038E-5
1.5616724340361543E-6
1.0080942047352437E-5
1.5598754998791264E-7
5.477556896948954E-7
1.3651764447786263E-6
8.08564859511307E-9
1.219757876924632E-7
1.6040709169828915E-6
5.276619390315318E-7
3.6226597899258195E-7
8.481974509777501E-5
2.9923287456767866E-6
2.5666499823273625E-6
2.0049221802764805E-6
2.5667811769380933E-6
1.1890031146322144E-6
3.2377243996961624E-7
8.59939746078453E-7
1.4441441464896343E-7
1.8007167454925366E-5
1.8620005448610755E-6
1.6174128631973872E-6
3.3287975043094775E-7
1.2333501331340813E-7
1.4716749774379423E-6
2.1450630072195054E-7
4.9636050789558794E-6
3.838772954622982E-6
4.320824018577696E-7
2.023472589485209E-8
8.672253670738428E-7
2.2153976431127376E-7
2.840252193436754E-7
5.832672300698505E-8
4.454773971929171E-8
3.38461454418848E-8
1.566306164022535E-4
1.9354189362275065E-7
3.182491354891681E-6
2.6276356379639765E-7
9.403530043528008E-8
1.933928251673933E-5
2.7663151058732183E-7
2.009419858950423E-6
9.596841437087278E-7
2.0606586986104958E-5
5.173619754827996E-8
4.3702766561182216E-7
2.5582719942462973E-8
4.131479443003627E-7
1.8598296946947812E-7
5.544035275306669E-8
2.5497809019725537E-7
1.348338969364704E-7
8.611886528342438E-7
3.9199125012601144E-7
3.056436298720655E-6
8.319143489643466E-7
6.47346610094246E-7
4.781338134307589E-7
3.1730652949590876E-7
2.02802485915754E-8
1.1055576578655746E-6
1.2188638720544986E-6
3.754896397367702E-6
5.378230412134144E-7
7.778779036016203E-6
7.157637469390465E-7
7.540702995356696E-7
1.1310399941066862E-6
1.3981819211039692E-4
3.897647715689345E-8
3.5285371069448956E-8
6.168931122374488E-6
1.236564571627241E-6
4.1194599020855094E-7
3.2632028705847915E-6
6.706787303301098E-7
8.798596127235214E-7
1.9100440340480418E-7
2.0833824692090275E-6
3.5685880561686645E-7
1.0560795544733992E-6
2.8282590847084066E-7
6.757481401109544E-7
2.380343389063455E-8
2.6130184238581933E-8
1.2480373925427557E-6
7.706831439691086E-8
1.8648050570391206E-7
7.464928231115664E-9
1.540845460112905E-7
2.69628316118542E-7
5.803228191325616E-7
6.560853194059746E-8
1.2860425613325788E-6
1.1474078576156899E-7
5.281798166834051E-6
4.2907157649096916E-7
1.6780229543655878E-6
1.0354784762967029E-6
2.0054822869042255E-7
1.3953075495010125E-6
2.0828140634421288E-7
6.823402713962423E-7
2.3520890124473226E-7
4.780076778843068E-7
3.1822159485273005E-7
1.0538177548369276E-6
1.7046956202193542E-7
8.075572850430035E-7
1.1003982081092545E-7
4.177378443159796E-8
3.519285201036837E-7
1.7985529154884716E-7
4.007552433904493E-6
1.3603204251921852E-6
1.737581260385923E-5
1.1240226527320374E-8
4.501839896420279E-7
7.83434813911299E-7
1.8126321776890109E-7
5.5839628032572364E-8
5.285637143970234E-6
5.400750637818419E-7
2.639006879689987E-7
3.3107622243733204E-7
1.5843147593841422E-7
3.4291122830154563E-8
2.6908767836175684E-7
8.917063354374477E-8
3.2180142284232716E-7
2.261012639337423E-7
9.438696906727273E-6
9.043842652545209E-8
2.8117290185036836E-7
1.009849597721768E-6
8.592834092269186E-6
1.5694288322265493E-6
1.746852262840548E-7
1.1196900118193298E-7
4.680132690282335E-7
2.3992498654479277E-7
1.5236615524827357E-7
1.7320060408110294E-7
4.039620762341656E-7
6.265966590035532E-7
8.316827404541982E-8
8.141508942571818E-7
3.263937742303824E-8
4.6962618398538325E-6
4.829105819226243E-6
1.1544757683168427E-7
1.102352484849689E-7
3.0185208288457943E-6
2.600345681003091E-7
3.0340997909661382E-5
8.016511543473825E-8
7.402497459452206E-8
4.0827603697835E-6
8.74967085451317E-8
1.280985486573627E-7
4.319028448662721E-6
8.416704986302648E-6
1.13730300199677E-6
1.1214676476356544E-7
1.2693894291260222E-7
8.289936914707141E-8
6.060165560484165E-6
6.439196909013845E-8
3.049245833608438E-8
2.446653013521427E-7
4.0957459646051575E-7
2.0544237486319616E-5
1.626474102067732E-7
3.2085819157146034E-7
8.73388307809364E-6
8.48690092425386E-7
1.265370599412563E-7
3.4749780752463266E-5
4.633906769413443E-7
1.8367935581409256E-6
4.6569175538024865E-7
4.3091365142799987E-8
3.680828012875281E-5
1.8877954062190838E-5
1.0022353791327987E-7
6.580739409400849E-6
8.232216686110405E-8
2.9263429723869194E-7
8.542094747099327E-7
8.529248418653879E-9
5.01728982271743E-6
1.5309963146137306E-6
1.7255679551908543E-7
4.036445488964091E-8
4.795444397132087E-8
9.538774747852585E-7
6.510481398436241E-8
3.7495124161068816E-6
4.841862732973823E-8
1.682155698290444E-6
1.2212491128593683E-5
3.8675801761201E-7
2.5549118163326057E-6
1.2391564041536185E-6
7.230938336988402E-8
3.288742504992115E-7
1.3584487533080392E-5
3.885769217504276E-8
8.771588966283161E-8
6.605415592275676E-7
7.023709713394055E-6
1.693025978966034E-6
3.482226134110533E-7
1.849300730327741E-7
2.0551522084133467E-7
1.1094018645962933E-6
6.500774247797381E-7
6.7847749960492365E-6
2.5695001681924623E-8
3.3758391509763896E-5
8.588305888679315E-8
3.034781457245117E-7
8.286654633593571E-7
2.581359694886487E-6
1.140779295383254E-5
1.4271081738570501E-7
1.7886847558656882E-8
1.2028971241306863E-7
7.491993301300681E-7
5.3376183473119454E-8
2.494439286238048E-7
1.897162655950524E-5
1.0269463501799692E-7
5.208662332734093E-5
1.4319507499749307E-5
5.361485477806127E-8
4.390197318571154E-6
7.125071022073826E-8
7.060095867927885E-7
6.037130617642106E-8
3.978709983698536E-8
1.615551923350722E-7
7.582526961869007E-8
5.480985237227287E-6
6.784705419704551E-7
2.2403872890208731E-7
2.0225284060870763E-6
1.1411558631380103E-7
8.767922565766639E-8
6.035595106368419E-6
6.528468929900555E-6
2.0783323861905956E-7
9.154592817139928E-8
3.987593686360924E-7
1.530345070932526E-5
1.3681385802044588E-8
4.3944206140622555E-7
5.69801741221454E-5
1.00036089634159E-7
7.615063850607839E-7
1.3470197472997825E-6
1.1901096513611265E-5
3.496125827950891E-6
2.4931086528567903E-8
9.785082966118352E-7
2.0585690663210698E-7
3.7277616229403066E-6
6.017086207066313E-7
7.750993091804048E-8
3.366251985426061E-5
1.0042691656053648E-7
9.703271643957123E-6
2.3520365175500046E-6
9.08809761313023E-6
1.5453046842139884E-7
1.900456823022978E-7
2.376886368438136E-5
1.3039930024660862E-7
4.3065334409675415E-8
2.2768432245356962E-5
3.501083654100512E-7
5.7611476478314216E-8
8.964272524281114E-7
9.080170570996415E-8
1.6999005936213507E-7
1.7857319107861258E-6
1.106230911318562E-6
1.597862137714401E-5
1.8329679733142257E-5
2.925381704699248E-5
2.38685856857046E-7
7.073840180282787E-8
1.871240783657413E-5
7.573259495075035E-7
8.989935849967878E-6
2.8706915600196226E-6
5.869209053344093E-5
3.923754411516711E-5
3.2847944453351374E-7
2.004664384003263E-5
1.0977920794630336E-8
2.3894830519566312E-5
1.2663876169938248E-8
2.3713612407050277E-8
4.353022688974306E-7
3.78986975135831E-8
4.317553958799181E-8
1.0539773711570888E-6
3.117138192010316E-8
1.5202274994408072E-7
7.348104702487035E-8
7.362518772424664E-8
9.009675068227807E-7
6.443978577408416E-7
1.0915890413798479E-7
2.3726386189082405E-8
9.8818752292118E-8
1.713195501906739E-6
1.4752403103557299E-6
1.3115180053091535E-8
8.10116830507468E-7
5.158558735729457E-8
1.6586727724643424E-7
5.741464974562405E-6
1.1718489076883998E-5
1.511796341446825E-7
8.840108733920715E-8
8.074364359345054E-7
1.9396256902837195E-5
4.404903819477113E-8
9.421794970876363E-7
1.3939205700808088E-7
1.1938471544681306E-8
4.474029537959723E-7
1.0214688700216357E-5
7.686343451496214E-6
1.8526746714542242E-7
7.660209462301282E-7
9.296308007833431E-7
9.425201596968691E-8
3.6771457416762132E-6
9.712634607694781E-8
1.3935396054876037E-6
1.1082181394783674E-8
4.332085154601373E-6
5.64463043701835E-5
1.225461119247484E-6
4.3899564872162955E-8
2.7663656965160044E-7
7.139367994568602E-7
1.0248825077496804E-7
5.279475079333906E-9
3.3713108678057324E-6
4.32170175201918E-8
4.2052261051139794E-6
1.2001424742891231E-8
1.6569073295613634E-6
2.2580111362913158E-6
4.483614247874357E-6
1.0304127044946654E-6
1.541642291158496E-6
3.8560749089811E-5
2.879130249766604E-7
1.5070473580180987E-7
2.0955844775016885E-6
6.225455706498906E-8
3.5407806535658892E-6
1.4149756566439464E-7
9.474089956995613E-9
7.285747471996729E-8
2.6236294914383507E-8
1.7841326553025283E-5
1.3884228211580307E-9
3.004650181992474E-7
7.066310558911937E-7
2.72449387495044E-8
6.000457233312773E-7
3.8619606357315206E-7
5.085716566100018E-6
6.2095604214107425E-9
3.5523178212315543E-6
4.7430222593902727E-7
2.8610104436666006E-6
3.3994294881267706E-6
4.274403977433394E-7
4.1364771163898695E-8
4.8386290529833786E-8
4.062177705321801E-9
2.2652548068435863E-6
5.736357707064599E-6
9.696425884442306E-9
2.2652725917282623E-8
7.121280276578545E-8
8.22061565486365E-8
2.4527539608243387E-6
6.463610446871826E-8
1.825991716941644E-6
8.621757388027618E-7
2.8228903659055504E-8
1.4878095271342318E-6
2.1713526621169876E-6
2.2513344077879083E-8
3.66625818593036E-9
2.5970117167872786E-9
4.9886107689189885E-8
2.048587157332804E-5
6.258483153942507E-8
1.2512519731444627E-7
6.038344963599229E-6
2.2217264472601528E-8
7.64494075156108E-7
2.1606776812177486E-8
2.0748530005221255E-8
2.9964121495140716E-6
1.3721329850113761E-8
5.116664869575516E-9
1.5342641290772008E-6
3.813709525957165E-8
1.0702306099119596E-6
2.0248817236279137E-6
2.5718840390709374E-8
1.016830879052577E-6
7.221065061457921E-6
1.3536623555410188E-7
1.0406017381114907E-8
1.2561257811682935E-8
5.033562899825483E-9
5.080830756121202E-10
2.8247566508099453E-9
1.3874019941795268E-6
1.7075612959160935E-6
8.11442168924259E-6
2.5333855013798257E-9
1.77435694581618E-7
6.426298568840139E-7
7.663805146052027E-10
2.4635032902509124E-10
6.222485922080523E-7
5.357060217647813E-7
2.163306156433009E-8
1.1066008553939355E-8
1.8175381200080665E-8
3.9672292118098085E-9
1.0671651118343561E-8
1.621391909623071E-8
6.58343957127272E-9
2.7132065838486596E-7
2.517310349503532E-6
2.2321491144339234E-7
6.416569249267923E-7
2.876143980756751E-7
1.2431026874537565E-8
1.1901336449682276E-7
2.558093683546758E-7
6.598877462238306E-7
2.71079301228383E-7
6.382445127961489E-10
5.716550788292807E-9
4.094792984687956E-7
2.0955416568657625E-10
1.979163499754577E-7
5.803316582841944E-8
7.281721059460011E-11
6.975244559725979E-7
1.7957384912392627E-8
1.2629707946132385E-8
3.4278124871889304E-7
1.9135780959800286E-8
8.094819925474894E-9
4.447639412319404E-8
1.614537694649698E-7
1.734621264404268E-7
3.4785806235504424E-8
2.9907826215591626E-11
8.15177685353774E-8
7.707354199304461E-10
9.203775519495139E-10
1.4008367382745135E-11
5.364296229437571E-10
1.9497970527027064E-7
1.5817258613992635E-8
3.0590252553253094E-9
1.530727722354186E-8
6.260815199610192E-10
6.107533181420877E-7
2.5350706778226595E-7
1.3918833019488375E-6
7.483334507618622E-10
3.534267989380169E-8
1.7184133582759387E-7
4.635013084453021E-8
5.123030000220297E-9
3.5868393410964927E-7
3.1392435317911804E-8
4.002100340017023E-8
1.7324652823447195E-10
1.4702503103869446E-10
4.193814628905557E-9
2.2485295569918406E-10
