1-hydroxylamino, 4-unsubstituted benzenoids
3.1292950734496117E-4
6.403943407349288E-4
2.460384348523803E-5
6.210091669345275E-5
3.853714733850211E-4
1.9195425556972623E-4
0.0013071938883513212
1.6442450578324497E-4
1.0233443026663736E-4
6.833254010416567E-4
1.183442072942853E-4
5.3201583796180785E-6
4.16323309764266E-4
5.499120379681699E-5
4.000941989943385E-4
2.3064653214532882E-4
2.9079157684464008E-5
7.332750828936696E-5
2.6589395929477178E-5
7.625546422787011E-4
2.3830549616832286E-4
1.2454288662411273E-4
1.1267507943557575E-5
2.1156143338885158E-4
2.5837280190899037E-5
1.355315907858312E-4
4.008005635114387E-5
2.3265571144293062E-5
7.422097951348405E-6
3.893402390531264E-5
3.927165234927088E-4
1.6474174117320217E-5
7.568411092506722E-5
1.0446051419421565E-5
1.5182224160525948E-4
1.6657870219205506E-5
3.541366459103301E-5
2.0183205197099596E-4
3.552814814611338E-5
1.0665428362699458E-6
6.281062815105543E-5
7.358047878369689E-5
2.3075735953170806E-4
4.024336885777302E-5
9.194313861371484E-6
1.7513990542283864E-6
1.645863676458248E-6
8.485445869155228E-5
4.026389888167614E-6
2.2844193154014647E-5
4.8718527978053316E-5
3.685381670948118E-4
3.995204751845449E-4
7.173594440246234E-6
2.491667110007256E-4
1.2840033377869986E-5
6.386786117218435E-5
3.4920215057354653E-6
3.4489180507080164E-6
9.761506225913763E-5
1.5936702766339295E-5
1.1528828508744482E-5
3.511674367473461E-5
5.264706123853102E-5
1.3905694686400238E-5
2.136637776857242E-4
1.4710225514136255E-5
1.7541699344292283E-4
6.248998688533902E-4
4.5155256884754635E-6
1.0816160647664219E-4
6.646160272794077E-6
8.894829989003483E-6
9.645926184020936E-6
1.5193932995316572E-5
1.2092478982594912E-6
8.64340181578882E-5
4.330578667577356E-5
1.550394154037349E-5
2.4142380425473675E-5
9.398707334185019E-6
2.70201126113534E-4
2.0841884543187916E-4
1.1330260349495802E-5
5.2176260396663565E-6
1.4986249152570963E-4
2.9366215130721685E-6
2.844266127794981E-4
2.0432671590242535E-5
6.398116966011003E-5
3.9907237692204944E-7
6.063787168386625E-6
1.4918756278348155E-5
3.6065455333300633E-7
2.219520501967054E-5
7.825051397958305E-6
3.471938271104591E-6
3.554748218448367E-6
2.9804266432620352E-6
3.99029886466451E-6
1.1686177458614111E-4
1.6348310964531265E-5
8.30433054943569E-5
7.584383638459258E-6
2.0064549062226433E-6
1.4773752809560392E-5
1.084578116206103E-6
2.0668032902904088E-6
5.532923296414083E-6
2.9376265047176275E-6
1.940680249390425E-6
6.383246363839135E-5
6.488497092504986E-6
2.907994485212839E-6
8.688488742336631E-5
1.2217368748679291E-5
3.8167490856722E-5
3.3205844374606386E-5
5.651315223076381E-5
3.588042745832354E-4
9.795082405616995E-6
2.1343851130950497E-6
2.7317754575051367E-4
0.001114970538765192
1.4389774150913581E-5
5.061516276327893E-6
1.6849136954988353E-5
8.56897167977877E-5
1.5604014151904266E-6
1.2546402285806835E-4
1.8561242541181855E-5
0.01827988773584366
8.520438859704882E-5
3.029126105502655E-7
3.0313021852634847E-4
7.746832579869078E-7
8.066278496698942E-6
1.5053933566377964E-5
5.5802356655476615E-5
6.1942746469867416E-6
1.6031948689487763E-5
1.0299172572558746E-5
1.7608660982659785E-6
4.8617432184983045E-5
8.577414519095328E-6
3.2133702916326E-5
7.271784852491692E-5
1.4659469798061764E-6
5.71558135561645E-4
2.880526299122721E-4
2.8851229672000045E-6
5.219473223405657E-6
1.6802451864350587E-4
6.625154469475092E-7
6.982184004300507E-6
2.821522230078699E-6
6.815692813688656E-6
4.408304903336102E-6
2.598723312985385E-6
5.558435987040866E-6
4.508052370510995E-6
4.199875093036098E-6
3.631234449130716E-6
1.4467180881183594E-4
8.425533451372758E-5
1.4798720258113462E-5
9.161673915514257E-6
5.030193733546184E-6
0.002533548278734088
1.3334569075595937E-6
1.2546386187750613E-6
2.0204277461743914E-5
6.5948511291935574E-6
1.383850940328557E-5
1.4122735592536628E-4
4.6790828491793945E-6
1.5913828974589705E-4
7.262008239194984E-6
1.5301388884836342E-6
5.5818577493482735E-6
6.19439670117572E-5
1.9669070752570406E-5
9.03617376479815E-7
3.682695023599081E-5
4.990433808416128E-7
1.6347512428183109E-4
1.8123973859474063E-5
1.3398176815826446E-4
4.363427869975567E-4
0.0028187246061861515
2.8280232072575018E-5
9.359167052025441E-6
9.683421922090929E-6
5.172183155082166E-4
2.116675750585273E-4
3.4854492696467787E-6
5.531825081561692E-5
4.761297077493509E-6
1.394387800246477E-4
4.990406523575075E-5
2.0459797269722912E-6
1.0495172318769619E-5
1.8003258446697146E-5
2.012403456319589E-6
6.097921504988335E-5
6.156355539133074E-6
1.3460866057357634E-6
1.3289939033711562E-6
8.996553369797766E-4
1.5763835108373314E-5
8.509711915394291E-5
3.570591798052192E-4
8.353509173275597E-8
9.702001989353448E-5
5.440756012831116E-6
3.864930476993322E-6
2.239300374640152E-5
9.57355496211676E-6
9.023994607559871E-6
6.84342694512452E-7
1.1664748853945639E-5
2.845157268893672E-6
6.901013875904027E-6
2.5607414499972947E-6
3.092531915172003E-5
1.1774798622354865E-5
3.110800462309271E-4
1.7568647308507934E-5
2.8420045055099763E-6
3.642177616711706E-4
2.0277460862416774E-5
3.5883309465134516E-5
3.472879179753363E-4
5.182089807931334E-6
1.8147607988794334E-5
1.5754413880131324E-6
1.6817977302707732E-4
5.5534550483571365E-5
2.9300049391167704E-6
3.866774568450637E-5
1.1867507055285387E-5
9.934004083334003E-6
8.676264542373247E-7
1.059148144122446E-5
2.2377760160452453E-6
4.155512942816131E-5
0.0027582759503275156
2.6451722078491002E-5
1.2572093055496225E-6
7.43952159609762E-6
8.134649833664298E-4
9.644997771829367E-5
3.2049549645307707E-6
1.2653589465116966E-6
3.8139558000693796E-6
8.226527370425174E-7
5.940756636846345E-6
4.6146815293468535E-5
1.4143790394882672E-5
5.7265999203082174E-5
5.378471996664302E-7
5.533345756703056E-6
1.9258915926911868E-5
4.773252385348314E-6
2.128144615198835E-6
7.566788440271921E-7
3.586461389204487E-6
6.263887826207792E-6
5.03081719216425E-6
1.9084188807028113E-6
8.299377441289835E-6
3.0650753615191206E-5
8.940389307099395E-6
2.0279368618503213E-4
2.7146259526489303E-5
4.6303002818604E-6
3.403294158488279E-6
8.174355343726347E-7
1.182382220576983E-5
2.0239478999428684E-6
1.5174185136856977E-5
0.0016171443276107311
1.1605707550188527E-4
9.718497494759504E-6
1.2476294841690105E-6
6.537208264489891E-6
1.4247707440517843E-4
3.16970954372664E-7
4.287873161956668E-5
3.233675306546502E-5
4.2751426008180715E-6
5.852821232110728E-6
1.5842344510019757E-5
2.0538982425932772E-6
5.592480374616571E-5
2.290166958118789E-5
2.2456473743659444E-5
2.289242502229172E-6
4.611458643921651E-5
2.8974798624403775E-5
4.106893811695045E-6
7.794234988978133E-6
1.8996627477463335E-4
4.096273642062442E-6
1.9193057596567087E-5
6.281498372118222E-6
1.857162601481832E-6
3.1792813388165087E-5
1.5757423534523696E-4
8.733648542147421E-7
2.0709518139483407E-5
4.018747404188616E-6
2.967380569316447E-4
1.4774745795875788E-4
1.348096557194367E-4
6.20768832959584E-6
1.2704326945822686E-4
8.906730727176182E-6
5.362656793295173E-6
4.269335931894602E-6
3.7699626318499213E-6
1.3929895067121834E-4
1.8295592099093483E-6
7.45472652852186E-6
5.341215455700876E-6
4.126422936678864E-6
7.337096758419648E-5
9.899958058667835E-6
2.419619477223023E-6
1.0259980172122596E-6
1.9286214865132933E-6
8.754052396398038E-5
1.3124140707532206E-7
1.4616683756685234E-6
7.577548785775434E-6
2.193873569922289E-6
7.202360393421259E-6
2.1775408640678506E-6
3.1167908218776574E-6
1.800682298380707E-6
2.3373424482997507E-4
1.0315186045772862E-5
3.1608540211891523E-6
3.035851405002177E-4
3.635944949564873E-7
4.834412720811088E-6
4.116539275855757E-5
4.0056994521364686E-7
5.035237222728028E-7
1.7566569567861734E-6
3.2272289445245406E-6
2.2776964669901645E-6
1.9303899898659438E-4
7.326677587116137E-5
1.0397444611953688E-6
1.0020329455073806E-6
5.501433861354599E-6
6.434792794607347E-6
1.680770583334379E-5
6.808446869399631E-6
2.1059637219877914E-5
9.565076197759481E-7
1.2995018914807588E-4
2.9215323593234643E-5
0.010684789158403873
6.389920599758625E-5
3.05937055600225E-6
3.146164317513467E-6
4.404515038913814E-6
4.65095836261753E-5
1.0366859442001441E-6
4.8880632675718516E-5
2.2075821107137017E-5
1.2242998082001577E-7
5.998179858579533E-6
2.976214318550774E-6
1.2669390798691893E-6
8.905971640160715E-7
3.3385990150236466E-7
8.464164238830563E-6
3.0685630463267444E-6
8.82598033058457E-6
1.7695518863547477E-6
3.7231313854135806E-6
2.3160764612839557E-6
5.166469236428384E-6
8.37717266222171E-7
2.2522820017911727E-6
5.080234132037731E-6
1.2212567526148632E-6
4.308148709242232E-5
1.0884852963499725E-4
5.740705546486424E-6
1.3585895067080855E-4
6.354857760015875E-7
2.0578718977048993E-4
1.1692945918184705E-5
2.0664116891566664E-4
8.266074473795015E-7
1.926410732266959E-6
1.1875738437083783E-6
7.375848326773848E-6
7.153930710046552E-7
4.7850517148617655E-5
1.0841926996363327E-4
5.794108801637776E-6
1.8979921151185408E-5
1.309199774368608E-6
6.14263117313385E-4
2.2881575205246918E-5
1.8389132492302451E-6
6.306477189355064E-7
6.331100053103E-7
1.3082531040709E-6
3.1887957447906956E-6
1.6974419168036547E-6
0.0014239789452403784
7.73697365730186E-7
3.58256920662825E-6
1.3614772797154728E-5
0.0090417992323637
2.600040716060903E-6
1.282116772927111E-5
5.0806869694497436E-5
1.6783936007414013E-4
6.013728466314205E-7
6.967443368921522E-7
1.5185052006927435E-6
1.0771904044304392E-6
2.625807837830507E-6
1.6394278645748273E-6
9.6871008281596E-7
7.313855121537927E-7
7.993086910573766E-6
0.001814092742279172
1.394634018652141E-4
6.480565207311884E-5
6.576088935617008E-7
6.2774893194728065E-6
5.784201562164526E-7
3.7264282582327724E-4
2.841218019966618E-6
0.0031708800233900547
3.0235681333579123E-4
2.977317199110985E-4
6.63420507862611E-7
4.468019596970407E-6
5.914575922361109E-7
6.318166851997375E-4
1.3992069398227613E-5
4.985867053619586E-5
4.88900104755885E-6
5.555087700486183E-4
2.0307177692302503E-5
1.4377514162333682E-5
5.906254500587238E-6
2.451585942253587E-6
6.409315460587095E-7
1.1211431001356686E-6
2.847817995643709E-6
2.8422070954547962E-6
1.1464911949587986E-4
1.6051433340180665E-4
8.86992256710073E-6
3.263608277848107E-6
8.069136674748734E-5
1.5254887694027275E-4
1.0670403571566567E-4
1.7808790289564058E-5
6.687210316158598E-6
1.0590447345748544E-5
0.0014527160674333572
6.848843554507766E-7
8.490597974741831E-5
3.950582936340652E-7
1.1832595419036807E-6
9.23758761928184E-6
5.875396163901314E-5
5.935795707046054E-5
2.3417812826664886E-6
3.2336463391402503E-6
3.653761950772605E-6
5.015996430302039E-5
6.977979865041561E-7
1.5680170326959342E-4
7.864867802709341E-5
7.731596269877627E-7
1.049324419000186E-4
1.1153910008943058E-6
3.522621682350291E-6
1.1516252698129392E-6
3.346837956996751E-6
4.4907461415277794E-5
2.881774889829103E-7
1.0967045091092587E-4
2.7506135324983916E-7
1.2177554253867129E-6
2.1920434392086463E-6
1.2649092241190374E-4
0.004136476665735245
3.589156847283448E-7
8.418179277214222E-6
3.0370870263141114E-6
1.6987748676910996E-4
9.684846008894965E-5
1.3390746289587696E-6
1.2987794434593525E-5
3.302457480458543E-5
2.1521145754377358E-6
4.816919499717187E-6
3.828915941994637E-5
6.915843187016435E-7
6.516274879686534E-6
6.683499086648226E-4
5.8362787967780605E-5
5.080977985016943E-7
2.5026185994647676E-6
0.0013909244444221258
3.902086518792203E-6
1.9529850305843865E-6
1.061641796695767E-5
2.3929992494231556E-6
8.30803910503164E-5
7.913484978416818E-7
2.7569481972022913E-5
4.828125383937731E-6
1.6952757505350746E-5
5.702027920051478E-6
2.63006459135795E-5
1.8522437983392592E-7
1.8672694568522274E-4
2.851579893103917E-6
2.4651455987623194E-6
7.097176535353356E-7
1.1695840385073097E-6
1.0510815627640113E-4
5.26118083143956E-6
2.0641842013446876E-7
1.2693953067355324E-5
1.267069164896384E-4
3.88813617746564E-7
2.030630867011496E-6
0.0010736411204561591
1.4769814697501715E-5
1.59518895088695E-5
6.637674232479185E-6
2.411656896583736E-5
3.334042503411183E-6
1.199318603539723E-6
3.61175334546715E-5
2.9331926270970143E-5
2.57383053394733E-5
1.4171141083352268E-4
5.189675448491471E-6
1.4555739653587807E-5
4.638154059648514E-4
3.197407977495459E-6
1.970252924365923E-6
2.0282257082726574E-6
1.3093186908008647E-6
2.2345659090206027E-4
2.6850653966903337E-7
7.73487554397434E-5
2.2599510884901974E-6
2.5954983357223682E-5
6.4056875999085605E-6
9.367857710458338E-4
7.541961531387642E-5
1.21280618259334E-6
2.6302141122869216E-6
7.4559861786838155E-6
2.6525749490247108E-5
4.1623226820775017E-7
5.0813814596040174E-5
4.029547540085332E-7
1.26571085274918E-5
0.0011064993450418115
1.0980407751048915E-5
2.2102517505118158E-6
6.646499059570488E-6
2.395582896497217E-6
7.2927814471768215E-6
1.0044178452517372E-5
6.476880516856909E-4
8.023092732400983E-7
5.566208756135893E-7
3.505621862132102E-5
4.1171239217874245E-7
2.0530389519990422E-5
1.7236152416444384E-6
2.5234496661141748E-6
2.4309706532221753E-6
5.8414784689375665E-6
4.810182190340129E-7
6.468078208854422E-5
5.268604581942782E-6
2.3959966711117886E-5
3.8197216781554744E-5
5.487253815772419E-7
9.034955837705638E-6
9.753721741390109E-8
6.60756199977186E-7
3.4776521715684794E-6
3.0983474061940797E-6
2.138280933650094E-6
5.581672667176463E-6
2.060597762465477E-5
3.948504172512912E-7
3.796873497776687E-4
1.6948411939665675E-5
2.7814101031253813E-6
2.2471328975370852E-6
1.0659496183507144E-5
1.779151898517739E-5
1.3080915550744976E-7
5.266902647349525E-8
6.117435405030847E-4
1.6211049569392344E-6
2.1553452825173736E-5
8.904848073143512E-6
6.070483359508216E-4
1.384102324664127E-5
5.684222287527518E-6
5.60817215955467E-6
3.372353148733964E-6
1.8771477698464878E-5
1.8531436580815352E-5
1.2128505204600515E-6
1.4551619824487716E-4
4.9300575483357534E-5
6.345745350699872E-5
8.633194374851882E-5
1.3011376722715795E-6
1.5198229448287748E-5
6.550315447384492E-5
7.213028584374115E-5
9.710085578262806E-6
2.3685305450271699E-7
4.642241080432541E-8
7.006800296949223E-5
4.630229796021013E-6
1.7680036989986547E-6
1.281876211578492E-5
9.551631308113429E-8
4.151777659444633E-7
9.544178283249494E-6
5.051897096564062E-5
0.002214937936514616
2.048026999545982E-6
5.570212579186773E-6
5.979119578114478E-6
1.5646768360966234E-6
6.746232884324854E-6
3.191300947946729E-6
3.665033000288531E-5
6.796625257265987E-6
1.7498662055004388E-4
1.6784618139809027E-7
1.2633609003387392E-5
5.971236532786861E-6
6.89743657744657E-8
9.472144483879674E-6
1.188812575492193E-6
7.64367086958373E-6
1.9493747095111758E-4
1.243697333848104E-4
1.8088619981426746E-5
9.636183676775545E-5
1.143875323350585E-7
2.307435352122411E-6
2.3502271062625368E-7
2.284949459863128E-6
2.881677937693894E-4
1.7655630654189736E-4
3.2793078571558E-4
8.382294254261069E-6
1.311004743911326E-4
5.315242106007645E-6
5.258843884803355E-7
2.0225075786584057E-5
1.8723508787843457E-7
4.773678028868744E-6
7.899855518189725E-6
1.2126939736845088E-6
2.761103314696811E-5
1.678871058174991E-6
6.1298051150515676E-6
1.82538824446965E-5
4.986781277693808E-6
6.274404313444393E-6
1.4125492953098728E-6
1.008193867164664E-4
2.8393656975822523E-5
5.408953074947931E-5
7.07199376392964E-7
3.9175654364953516E-7
2.163938552257605E-5
3.0891479241290654E-7
1.6229515722443466E-6
3.969425051764119E-6
1.402029738528654E-6
9.137896995525807E-6
2.5600154458516045E-6
3.927581474272301E-6
3.586622824514052E-6
8.30068699997355E-7
4.114554030820727E-6
1.3518401829060167E-6
6.262755050556734E-6
3.9698970795143396E-6
1.2889209983768524E-6
2.7997305733151734E-4
3.799224577960558E-5
1.8030923092737794E-4
1.4405632100533694E-6
6.0312422647257335E-6
4.8071964556584135E-5
7.18679166311631E-6
9.232365414391097E-7
1.5453607602466946E-6
4.096590146218659E-6
3.8902263099771517E-7
7.864573490223847E-7
7.18236969987629E-6
5.3502837545238435E-5
1.5282006415873184E-6
8.130284186336212E-6
2.0443933124170144E-7
9.264234108741221E-7
6.068543007131666E-5
9.17214038054226E-7
6.44541046312952E-7
2.6604395770846168E-6
5.547310593101429E-6
3.671472950372845E-5
1.3323845632839948E-4
6.683442848043342E-7
1.6078180919976148E-7
1.061648981703911E-5
4.0698978409636766E-6
3.5982516237709206E-6
1.42464671171183E-6
6.521432624140289E-6
2.8551044124469627E-6
8.746008097659796E-5
2.0986213712603785E-5
5.816424163640477E-6
6.153089543659007E-6
4.43873432232067E-6
1.6219612462009536E-6
1.2934325786773115E-4
1.928069877976668E-6
2.5179908334393986E-5
1.8534567061578855E-5
3.4253555440955097E-6
1.1748513770726277E-6
1.003971483442001E-4
1.2129156675655395E-4
1.5354260085587157E-6
2.4709403078304604E-5
1.0472361282154452E-5
7.622040811838815E-6
3.8100566257526225E-7
1.8942836277346942E-6
1.8616916349856183E-5
2.636771387187764E-5
3.7815891573700355E-7
6.11042310083576E-7
7.941205808492668E-7
1.1556040590221528E-5
9.64314222073881E-6
4.172039098193636E-6
5.247170065558748E-6
2.469034825480776E-6
4.323811936046695E-6
7.279671990545467E-5
1.2385536365400185E-6
1.440041796740843E-5
1.3118810784362722E-6
1.2508996860560728E-7
1.09619452359766E-6
1.7926348618857446E-6
9.035277798830066E-6
5.934624027759128E-7
1.5822142813703977E-5
1.9603590772021562E-5
1.504746796854306E-5
3.3397168408555444E-6
2.5413040930288844E-5
1.9868582512572175E-6
2.5525673663651105E-6
2.762727963272482E-4
2.3432191298411453E-8
5.749328465753933E-6
6.957693130971165E-6
3.740479996849899E-6
4.181719759799307E-6
2.7700496048055356E-6
9.389193110109773E-6
1.2633018741325941E-5
1.4035727247119212E-7
1.6339894273187383E-6
1.4451787819780293E-6
1.3039586519880686E-5
6.135076660029881E-7
9.029478746924724E-7
1.2490491826611105E-5
1.4209742005277803E-7
5.820678052259609E-5
1.3715168734051986E-7
1.0354185633332236E-6
1.662386353018519E-6
2.0460058749449672E-6
1.224668494614889E-6
1.2427931324054953E-6
1.0871482345464756E-6
5.74101363781665E-7
1.5151940715441015E-5
2.0173795292066643E-6
1.7759285242391343E-7
2.477473572071176E-6
1.9006255342901568E-6
6.1016439758532215E-6
1.8094871484208852E-4
3.4729757771856384E-6
5.4432739489129744E-6
1.1070017080783146E-6
1.926688810272026E-6
1.5954421542119235E-5
4.031651883451559E-7
3.7074194551678374E-5
1.0699986887630075E-5
3.683336444737506E-7
4.001493834948633E-6
8.506254744133912E-6
4.836235348193441E-6
6.0125217714812607E-5
6.673032970638815E-8
1.42078260978451E-5
1.103660110857163E-6
1.7946034859050997E-5
4.54419478046475E-6
4.061023719259538E-5
4.073440140928142E-5
1.0382439540990163E-5
5.496382527780952E-6
9.509490155323874E-6
4.976939635525923E-6
1.1335880572005408E-6
4.294130121706985E-6
3.718213577030838E-7
1.0416563327453332E-6
2.311368916707579E-5
1.5960152950356132E-6
7.664314580324572E-6
2.650163951329887E-4
5.637079993903171E-7
1.1801345181083889E-6
1.426125436410075E-6
3.9740189095027745E-7
1.7575251831658534E-6
1.563734440424014E-5
6.594543719984358E-7
1.6004833014449105E-5
3.6682142763311276E-6
1.1795068530773278E-5
1.851518049988954E-8
1.4252806295189657E-6
7.021910732873948E-6
6.977159500820562E-6
1.782836188795045E-4
5.237500590737909E-5
2.7003748073184397E-6
4.875915237789741E-6
1.4256931990530575E-6
4.0959848774946295E-6
1.031399506246089E-6
4.138733856962062E-6
2.8979591206734767E-6
1.9309413801238406E-6
4.888142029813025E-6
6.68443590257084E-7
2.461536041664658E-6
5.6166200010920875E-6
5.0562680371513125E-6
4.225678821967449E-6
8.381654197364696E-7
2.4985936306620715E-6
6.4814280449354555E-6
1.2428328773239627E-5
3.2952743822534103E-6
1.1811819422291592E-4
7.770252523187082E-6
5.455010068544652E-6
6.958166341064498E-5
1.0623253911035135E-4
1.8908131096395664E-6
4.507650828600163E-6
6.537113677040907E-6
3.300674870843068E-5
6.353461685648654E-6
1.067007474375714E-6
1.995050979530788E-6
3.1745967135066167E-5
2.3740647520753555E-5
4.760654519486707E-6
2.7568717086978722E-6
1.2654626516450662E-5
5.803112344437977E-6
1.0221917818853399E-6
1.622865784156602E-5
1.2712600039321842E-7
1.214714529851335E-6
6.847773192930617E-8
6.346172654048132E-7
8.404483651247574E-7
4.901519901068241E-7
5.010645622860466E-7
3.7306363083189353E-6
1.1577889381442219E-5
4.581054326990852E-7
6.787825259380043E-5
5.331877446224098E-7
4.046175035909982E-6
2.5701938284328207E-6
3.515505113682593E-7
3.0161456379573792E-5
5.696914513464435E-7
6.450227374443784E-7
1.8228755607196945E-6
2.8547847819027083E-7
1.1374042514944449E-5
1.5530262317042798E-5
6.751225214429724E-7
3.9740748434269335E-6
1.8492148228688166E-5
1.262162356852059E-7
2.4380466356888064E-7
3.5923485484090634E-6
9.824671906244475E-6
2.9390713507382316E-7
3.847217158181593E-6
6.842681159469066E-6
2.866916304355982E-7
1.0936775396430676E-7
6.3870347730698995E-6
1.1006668501067907E-6
3.9024419606903393E-7
1.4964840602260665E-6
1.1551904754014686E-4
1.1654601195232317E-7
2.076164491882082E-6
5.308264371706173E-5
8.133141022881318E-7
7.080999466779758E-7
2.0205898181302473E-6
2.865867145374068E-6
3.6766816629096866E-4
1.9629455039194E-7
2.1757575723313494E-6
2.1298690171533963E-6
4.2099713027710095E-5
3.475740584235609E-8
1.9954727576987352E-6
7.707341751483909E-7
3.5027549074584385E-6
9.374587506272292E-8
1.064573552866932E-6
2.7428134217188926E-6
4.804242962563876E-6
4.6232656814026996E-7
1.9690237422764767E-6
4.049247309012571E-6
1.6106860130093992E-6
1.0121334526047576E-6
1.5152368177950848E-6
8.026614750633598E-7
7.626786668879504E-7
8.648804339372873E-8
2.6846469936003814E-8
3.316995844215853E-6
1.6373400058000698E-7
7.842398304092058E-7
1.2364566828182433E-6
3.8691421650582924E-5
1.1157366088809795E-6
4.261284800577414E-7
7.835769793018699E-7
1.938496779985144E-6
1.1429285677877488E-6
1.5989408908012592E-8
1.284016093450191E-6
9.690304977993947E-6
2.0454696425531438E-7
4.518466539593646E-6
2.909570184783661E-6
1.3277157506763615E-7
5.159699867363088E-7
1.1059593418849545E-7
6.453278160734044E-7
3.843603280984098E-6
1.3598925363567105E-7
4.4194968040756066E-7
1.2608001043190598E-7
8.090677852123918E-7
3.342229774716543E-6
1.5509452850892558E-6
1.044009536599333E-6
9.952766504284227E-7
3.193015061242477E-7
4.0861399952518695E-7
8.236611392931081E-7
4.463014988687064E-7
3.300286266494368E-8
9.853444993268567E-8
2.54899617857518E-7
1.7697080920697772E-6
7.363222493950161E-7
1.541653659842268E-6
1.119766693591373E-6
4.674441811403085E-7
2.5746615506250237E-7
1.3969916778933111E-7
2.314263554126228E-7
2.757201855274616E-6
5.654824235534761E-7
1.8118626599061827E-7
4.0438860082758765E-7
1.8481001973214006E-7
2.938143381925329E-7
5.108976210976834E-7
1.3964881873107515E-5
2.455622734487406E-6
1.1002483688571374E-6
2.752657621840626E-7
4.465878689074998E-8
1.2036693419759104E-7
2.7635207899834313E-8
6.968572563437192E-8
1.858901477191921E-8
5.046895239502192E-7
3.198169622464775E-7
3.227837169106351E-6
4.257900059201347E-7
3.754220472274028E-7
2.6318534196434484E-7
1.9975024301288613E-8
7.663665257950925E-8
2.9705907422794553E-7
1.7649054484536464E-7
5.426754796644673E-7
1.4321201433631359E-6
5.28879240846436E-7
6.401907626241155E-8
4.361963021892734E-7
2.3228415102494182E-7
1.0213496892674812E-7
1.849531656716863E-7
1.4182239738147473E-7
5.498510518009425E-7
7.316798189549445E-8
1.0592044930035627E-7
1.3128665443673526E-7
2.2893449931871146E-4
1.8529200929151557E-7
1.1175096403803764E-7
5.9200150559490794E-8
4.143833507441741E-7
1.2326183629340903E-8
4.4658559517074536E-8
1.5118292395754906E-8
4.1007133688708564E-8
2.1114990886417218E-5
2.620675232378744E-8
4.889951199515963E-8
9.904285747097674E-8
1.2393188342230133E-7
2.6971442821377423E-6
6.006444891681895E-6
2.3946984839540164E-8
1.151653577835532E-6
2.095272932933767E-8
2.5542782111642737E-8
1.1621883686530055E-6
1.7762848969482548E-8
1.6735019698899123E-6
3.552788285787756E-8
7.183910355479384E-8
2.2765267004842826E-8
3.629510203495556E-8
1.7458281931226338E-8
7.783347086842696E-7
2.6938705488532833E-8
7.448230121553934E-7
3.729887509962282E-8
5.072943736195157E-7
7.439312810220144E-8
3.421869791964127E-7
1.1859712145678714E-7
1.9661115402413998E-8
9.989676641453116E-8
1.001466021222086E-8
2.0185488835977594E-8
9.291757585572213E-9
8.53223713903617E-9
2.208613913978752E-8
2.6447995082889975E-7
1.9839714582303714E-7
1.0676912687301865E-9
6.780198624767309E-11
