1-hydroxy-2-unsubstituted benzenoids
4.5303217484615743E-4
0.0010267479810863733
6.592391291633248E-4
4.415553994476795E-4
6.138623575679958E-5
3.751460462808609E-4
0.0021415450610220432
0.015644965693354607
1.1725204240065068E-4
5.183207103982568E-4
0.003100728616118431
0.001227902714163065
0.01979069411754608
5.885313730686903E-4
8.860431262291968E-4
0.0014100105036050081
0.004197313450276852
2.923200954683125E-4
0.003158479928970337
8.797986665740609E-4
8.304136572405696E-4
0.007273592986166477
0.0017933975905179977
7.302477606572211E-4
0.0013640272663906217
0.005271225702017546
2.7464827871881425E-4
0.001987643074244261
4.302077868487686E-4
1.2217334005981684E-4
8.007031865417957E-4
0.002627960406243801
0.0014549987390637398
2.0094995852559805E-4
0.0012341281399130821
0.0020954159554094076
0.002481869189068675
8.820208604447544E-4
0.008747938089072704
0.0012944997288286686
0.005297417286783457
0.0037913911510258913
8.112899959087372E-4
0.004678131081163883
9.657706832513213E-4
0.0015474871033802629
0.0024749538861215115
0.0017607498448342085
3.287368163000792E-4
6.069274968467653E-4
0.04889661818742752
0.012598183006048203
0.008040064945816994
1.4449708396568894E-4
0.00538038183003664
4.427526437211782E-4
0.0031656790524721146
0.0016031517880037427
0.0014351761201396585
8.834124892018735E-4
0.0020356907043606043
6.5124366665259E-4
0.0013860400067642331
0.0255694929510355
0.0014284943463280797
0.002728879451751709
0.003620454343035817
0.011786085553467274
0.014949421398341656
7.689271296840161E-5
0.0014046322321519256
8.655776036903262E-4
0.0027320825029164553
3.4761440474539995E-4
9.279348305426538E-4
0.0032703920733183622
0.0019826143980026245
0.0012122809421271086
3.3309226273559034E-4
0.0030832213815301657
0.0033923399168998003
0.008611157536506653
0.01829303614795208
5.496569792740047E-4
0.0010895226150751114
0.0018338311929255724
0.013763145543634892
0.018957974389195442
0.020216409116983414
0.0011483561247587204
1.795340358512476E-4
2.3342871281784028E-4
0.008016531355679035
6.300423410721123E-5
0.009556535631418228
2.604011388029903E-4
8.925815345719457E-4
8.698043529875576E-4
7.448137039318681E-4
0.003985101357102394
4.761299933306873E-4
0.004113159608095884
0.005073613952845335
8.763159712543711E-6
0.004306531976908445
0.001015159534290433
9.716436761664227E-5
1.0890119301620871E-4
0.001102843089029193
7.887540850788355E-4
0.004546672105789185
2.1092321549076587E-4
4.989957087673247E-4
4.560113011393696E-4
2.9965933208586648E-5
6.352188647724688E-4
3.7090055411681533E-4
3.4337403485551476E-4
3.415794635657221E-4
0.007894005626440048
0.004751256201416254
2.961537757073529E-5
4.066264082212001E-4
0.020827962085604668
6.882115267217159E-4
9.198724874295294E-4
0.0026098540984094143
2.1308708528522402E-4
7.191652548499405E-4
0.20144717395305634
4.636877274606377E-4
0.4367191195487976
0.006473055575042963
1.1237541002628859E-5
0.006807642988860607
1.2684929970419034E-5
0.0013377419672906399
0.004747292492538691
0.008905002847313881
0.0020691712852567434
4.976011696271598E-4
0.006506018340587616
6.638796185143292E-5
0.007493024691939354
0.03225480392575264
0.006087128072977066
0.005523777101188898
0.00320064346306026
0.004106642212718725
0.03959498554468155
0.003255539108067751
9.595925221219659E-4
1.2983234773855656E-4
5.601068842224777E-4
0.003193895099684596
0.002631686395034194
0.001024532481096685
8.00176290795207E-4
0.0012272762833163142
9.201136417686939E-4
0.0010521275689825416
0.0015284556429833174
0.0014085860457271338
0.0767449289560318
0.001068873330950737
0.003413713537156582
0.0013492869911715388
8.673359407112002E-4
0.21803103387355804
0.004336613696068525
0.00109495606739074
0.0042769163846969604
0.003596208058297634
0.001935499021783471
0.012999776750802994
5.758899715146981E-5
0.2596554756164551
0.01611357368528843
2.3404993407893926E-4
2.738557232078165E-4
0.011690580286085606
0.004966091364622116
2.424335980322212E-4
0.004388309549540281
1.923357049236074E-4
7.797493017278612E-4
0.008897335268557072
0.005186869762837887
2.8479649699875154E-5
0.59502774477005
0.06901003420352936
0.005683658178895712
0.05970180034637451
0.011193635873496532
0.0061003281734883785
0.0014027587603777647
0.0026372536085546017
0.0012116492725908756
0.0038749317172914743
9.310337482020259E-4
6.692491588182747E-4
0.0036047163885086775
0.002535948297008872
2.6412977604195476E-4
0.00900651328265667
4.644725704565644E-4
0.002292260527610779
1.130210148403421E-4
0.04099545627832413
0.0031504626385867596
0.014862327836453915
0.05711797624826431
1.2220504868309945E-4
0.0044960747472941875
8.331439457833767E-4
0.0013183755800127983
0.002257856773212552
3.8761692121624947E-4
0.0021108610089868307
9.127275552600622E-5
0.005160741973668337
0.0024677335750311613
0.013135770335793495
5.38030406460166E-4
0.009338771924376488
0.013247883878648281
0.014852912165224552
0.0012326720170676708
3.759004466701299E-4
0.004198838956654072
1.9664457067847252E-4
0.005921519361436367
0.021620051935315132
0.0011410210281610489
6.122241611592472E-4
0.0011529535986483097
0.14715899527072906
0.003580830292776227
6.60458579659462E-4
0.08545573055744171
0.0021604180801659822
3.7579023046419024E-4
1.616899244254455E-4
0.0020323763601481915
0.0020887397695332766
0.01179814524948597
0.11158689111471176
0.0026929895393550396
3.338241731398739E-5
0.002592128701508045
0.0513039156794548
0.005764632020145655
9.327608859166503E-4
6.081685423851013E-4
0.002322547137737274
1.0022569767897949E-4
0.001400297973304987
0.01104952022433281
0.11650103330612183
0.006428844295442104
3.0618957680417225E-5
0.002025605645030737
0.002489429200068116
8.981525024864823E-5
0.0010752398520708084
1.264933089260012E-4
0.0019873136188834906
0.0012796688824892044
0.0027182153426110744
0.0016528975684195757
0.0019960994832217693
0.01103704608976841
0.0025509202387183905
0.003762816311791539
0.010644885711371899
0.002637648954987526
0.00222113449126482
4.842393973376602E-4
0.011013601906597614
0.0019911746494472027
0.01795748993754387
0.039540376514196396
0.006598724517971277
0.0038649816997349262
0.002795296488329768
3.40342172421515E-4
0.0019168549915775657
4.164329147897661E-4
0.26130521297454834
1.3665105507243425E-4
0.0011701281182467937
0.0020534794311970472
4.80712071293965E-4
2.2280779376160353E-4
0.002427879720926285
9.321399556938559E-5
0.1044624000787735
0.0012344451388344169
0.004136050585657358
0.0047973706386983395
5.108477198518813E-4
0.0013152904575690627
0.22406619787216187
0.008798234164714813
0.0014107179595157504
0.0026369462721049786
5.332764121703804E-4
0.0014680135063827038
0.009578783996403217
1.1876720964210108E-4
0.0017895079217851162
0.004473200533539057
0.0024152447003871202
3.0077286282903515E-5
0.13194236159324646
0.0020083035342395306
9.879289427772164E-4
4.536836640909314E-4
2.3945621796883643E-4
8.832744206301868E-4
0.003760946448892355
0.05645641312003136
0.002480496186763048
1.420123444404453E-4
0.001438715378753841
0.0011577801778912544
0.004526272416114807
0.002179004019126296
0.0012138610472902656
0.0016411230899393559
4.6638475032523274E-4
2.2064497170504183E-4
2.934343137894757E-5
6.984227802604437E-4
0.006873161066323519
9.618198382668197E-4
0.0036213079001754522
8.966229506768286E-4
0.002796327229589224
2.2303371224552393E-4
0.010834146291017532
0.0021058761049062014
0.004218620248138905
0.009910834021866322
1.1324051592964679E-4
0.0038413703441619873
0.03016579896211624
0.003034408437088132
3.1815029797144234E-4
1.249991328222677E-4
9.527330403216183E-4
0.0018684923416003585
0.015300583094358444
0.035599660128355026
0.001009825267829001
0.001029888866469264
0.0048673455603420734
0.0010081077925860882
9.458427666686475E-4
4.6126090455800295E-4
9.33705538045615E-4
8.415706688538194E-4
0.0012542204931378365
0.022899407893419266
0.14183589816093445
0.003977762069553137
0.0014091000193729997
0.0035923966206610203
9.02898027561605E-4
7.00764765497297E-4
0.0017723883502185345
0.0025961485225707293
0.006081229075789452
1.1429983715061098E-4
5.112412036396563E-4
0.0010432587005198002
5.667511140927672E-4
0.0012732369359582663
1.0890981502598152E-4
0.002913983538746834
0.001801856909878552
0.009142792783677578
0.0016351854428648949
6.827905308455229E-4
1.168518720078282E-4
0.0020943202544003725
0.0013075985480099916
7.819168386049569E-4
0.0016421269392594695
1.8230595742352307E-4
0.001610063947737217
0.008383126929402351
8.376745972782373E-4
0.008541510440409184
6.295517086982727E-4
0.058999549597501755
0.011456268839538097
0.11203011125326157
0.0015785028226673603
1.1099750554421917E-4
0.0014573194785043597
0.0011539802653715014
0.0011545725865289569
0.0019619064405560493
0.0036701189819723368
9.052889654412866E-4
0.0010469553526490927
3.8395318551920354E-4
0.00855485163629055
2.641984319780022E-4
8.830386796034873E-4
0.0011544438311830163
0.0011891310568898916
0.001275951275601983
0.0011489044409245253
8.717872551642358E-4
0.043616797775030136
7.25091842468828E-4
0.0017382341902703047
0.0030893958173692226
0.025415517389774323
6.106791261117905E-5
6.632102886214852E-4
4.159501113463193E-4
0.07425310462713242
4.0875293052522466E-5
0.001251238863915205
0.0032121248077601194
4.063341475557536E-4
6.907366332598031E-4
1.8354826897848397E-4
2.6839657220989466E-4
4.843601491302252E-4
0.01733815111219883
0.0049817245453596115
0.007046303246170282
0.014916726388037205
0.0010965107940137386
7.927903789095581E-4
0.0010982425883412361
0.002685006009414792
0.0015424195444211364
0.24645882844924927
0.061029527336359024
0.048712946474552155
3.767626767512411E-4
0.10641399770975113
0.001083503244444728
0.13975733518600464
5.7850429584505036E-5
0.1213415339589119
0.002392673632130027
0.01022846158593893
0.0010349813383072615
0.0012121215695515275
7.578242366435006E-5
5.02129434607923E-4
7.127568242140114E-4
0.0020718167070299387
6.187226972542703E-4
0.0018700133077800274
0.018823960795998573
0.3964252769947052
0.002818747889250517
5.938999820500612E-4
0.0030291732400655746
0.001662345719523728
0.3330343961715698
0.002961118472740054
0.2644799053668976
0.0023309558164328337
0.3637389838695526
6.479386938735843E-4
0.025603802874684334
2.1169161482248455E-4
5.506741581484675E-4
0.014268502593040466
9.260885999538004E-4
0.0012599050533026457
6.38734782114625E-4
8.502632845193148E-4
0.0010766348568722606
0.001292607863433659
6.406064494512975E-4
0.25578513741493225
9.184777154587209E-4
7.045052479952574E-4
9.027582127600908E-4
3.020599251613021E-4
2.546055657148827E-5
6.165379454614595E-5
5.750269046984613E-4
0.09781216830015182
0.0015661553479731083
0.06953348219394684
1.6453128773719072E-4
6.951051182113588E-5
9.009868517750874E-5
4.3017682037316263E-4
0.018782053142786026
3.355415537953377E-4
0.02062111720442772
0.0011358431074768305
0.004232642240822315
0.0047362507320940495
6.983838393352926E-4
4.3541743070818484E-4
0.00383755168877542
4.5609520748257637E-4
0.008023726753890514
0.031498927623033524
1.5701167285442352E-5
0.002076769480481744
0.001427758252248168
5.068117752671242E-4
1.310231164097786E-4
0.0015224427916109562
0.030891412869095802
1.8377776723355055E-4
5.1481707487255335E-5
0.0022069201804697514
8.570029749535024E-4
0.012647483497858047
6.948742084205151E-4
0.026584463194012642
4.7932378947734833E-4
0.0033459984697401524
0.007518901489675045
0.0012948950752615929
8.997449185699224E-5
0.012256855145096779
8.524682925781235E-5
4.963437095284462E-4
0.0013583957916125655
4.7231526696123183E-4
0.18793080747127533
0.009843282401561737
4.354817792773247E-5
5.987100885249674E-4
0.13307073712348938
3.57238226570189E-4
0.005429510492831469
0.01137133315205574
0.009450764395296574
0.0029491286259144545
0.00522061251103878
5.267561646178365E-4
0.0010657638777047396
0.005246768239885569
0.0013673607027158141
0.001599759329110384
0.0013962123775854707
0.005285664461553097
5.21352980285883E-4
0.02166645973920822
0.0699387639760971
0.0016387394862249494
0.001342530595138669
8.244509226642549E-4
5.570649518631399E-4
0.32484200596809387
7.5366201599536E-6
0.227694571018219
6.341387052088976E-4
0.08841917663812637
0.2413431853055954
0.02609832026064396
0.0055327750742435455
2.6548403184278868E-5
0.008283954113721848
0.001354120671749115
0.008739334531128407
5.47260046005249E-4
0.001098048989661038
0.004282868467271328
0.29866787791252136
0.009552517905831337
2.4002923964872025E-5
0.0010747977066785097
0.007180310320109129
0.014280523173511028
0.001697351224720478
4.548242941382341E-5
0.7995327115058899
1.2708920985460281E-4
1.1593312228797004E-4
0.013354362919926643
3.7017755676060915E-4
0.0023118064273148775
4.3913378613069654E-4
0.011312618851661682
0.005730705335736275
0.03656918928027153
2.1874179947189987E-4
0.0010102521628141403
5.666560027748346E-4
0.025458550080657005
3.8998006493784487E-4
3.4852258977480233E-4
0.8445464372634888
1.6755645629018545E-4
1.384271599818021E-4
0.0010409600799903274
3.388184413779527E-4
8.733088616281748E-4
9.292765753343701E-4
5.094172593089752E-5
1.3271224815980531E-5
0.5045264363288879
0.00414897920563817
0.03896193206310272
1.0750305955298245E-4
4.109072615392506E-4
0.00419675512239337
1.311369032919174E-6
7.763284520478919E-5
0.05542746186256409
0.003714750288054347
0.002679359633475542
0.5070560574531555
0.01361183449625969
0.04243282228708267
0.006650071125477552
0.013903811573982239
0.0013828336959704757
0.0025106268003582954
0.004476679489016533
1.5375482325907797E-4
0.2756574749946594
0.006665572989732027
0.04551732912659645
0.00762432673946023
3.976689768023789E-4
0.0030149335507303476
0.0021464291494339705
0.0037634584587067366
0.007693341933190823
0.0031731585040688515
6.752990157110617E-5
0.0030629185494035482
0.007479287218302488
1.875459565781057E-4
0.001954565057530999
4.3385713070165366E-5
8.439159137196839E-5
0.658650815486908
0.014986347407102585
0.03601469099521637
4.685172825702466E-5
0.003810545662418008
0.334414005279541
0.0010623623384162784
0.0033633806742727757
0.0019104719394817948
0.08394007384777069
2.479859394952655E-4
7.755106198601425E-4
2.3765956939314492E-5
4.049487179145217E-4
6.91806199029088E-4
0.0012641894863918424
0.009011482819914818
0.0022870649117976427
0.006660117767751217
5.260368925519288E-4
0.05072842910885811
0.0039085084572434425
0.005524453241378069
9.494583355262876E-4
0.001739147468470037
4.855211227550171E-5
0.0029687117785215378
0.011521273292601109
0.07547599077224731
0.004859535489231348
0.2127927988767624
0.0064123389311134815
0.002072997624054551
0.011643870733678341
0.4172065258026123
2.992758236359805E-4
7.30948377167806E-5
0.3597543239593506
0.017771953716874123
0.002688016975298524
0.014542036689817905
0.006747928913682699
0.0062220110557973385
2.9485090635716915E-4
0.23638419806957245
0.004429494496434927
0.014405224472284317
0.0048181829042732716
0.0011818173807114363
1.5051701666379813E-5
8.272832201328129E-5
0.004570321645587683
3.8338371086865664E-4
5.670043174177408E-4
6.481987384177046E-6
0.002690765308216214
0.001585871446877718
7.257470861077309E-4
1.747077658365015E-5
5.82451350055635E-4
0.004130493849515915
0.07931122928857803
0.00401570089161396
0.0016792436363175511
0.00937146320939064
0.0012230031425133348
0.03646901622414589
0.0018979338929057121
0.0036058456171303988
2.1381053375080228E-4
0.02156905084848404
0.0011991019127890468
0.002759317634627223
3.193026641383767E-4
0.004164778161793947
3.503797051962465E-4
1.358871377306059E-4
0.0012069415533915162
0.007213554345071316
0.38512715697288513
0.003780917963013053
0.6592292189598083
1.3729676538787317E-5
0.001966138370335102
0.15153604745864868
4.7439007175853476E-5
2.086952154058963E-4
0.2327999472618103
0.0020346317905932665
0.002265321323648095
0.003626154502853751
6.014962564222515E-4
6.658563506789505E-4
0.002322886371985078
0.0014341032365337014
0.0013640793040394783
8.689805981703103E-4
0.0030104205943644047
0.002380521735176444
0.0025086458772420883
0.010237549431622028
0.11633744090795517
0.006608622148633003
0.01092375535517931
3.096689179074019E-4
0.0022195482160896063
0.00564483180642128
5.682060727849603E-4
0.0014175684191286564
0.0016211040783673525
0.002215019892901182
6.6748185781762E-4
0.005837000906467438
1.8254869792144746E-4
0.17002521455287933
0.011935337446630001
3.9261585334315896E-4
5.164082904229872E-5
0.04563982039690018
0.0022050009574741125
0.6650319695472717
0.0017558486433699727
1.027342295856215E-4
0.00408479617908597
6.25758373644203E-4
0.0011812730226665735
0.011608488857746124
0.341564416885376
0.0062055569142103195
0.0021335906349122524
5.956440581940114E-4
0.002434992929920554
0.02670878916978836
6.204000092111528E-4
3.732105833478272E-4
7.854238501749933E-4
0.011172918602824211
0.32564541697502136
0.0020899195224046707
0.018752209842205048
0.11691036820411682
0.0018767885630950332
4.4265869655646384E-4
0.1689332276582718
0.0011684088967740536
0.00924760103225708
0.008923755958676338
4.5759134081890807E-5
0.38244548439979553
0.9112113118171692
5.558427656069398E-4
0.6525368690490723
0.0013229184551164508
0.0030068205669522285
0.0014161181170493364
1.3719699381908868E-5
0.3699800372123718
0.04530847817659378
0.0015086752828210592
1.8963863112730905E-5
7.082123192958534E-4
0.12698933482170105
6.068636866984889E-5
0.10704418271780014
3.725374335772358E-5
9.377594687975943E-4
0.42094385623931885
0.10507302731275558
0.014594931155443192
0.08617596328258514
7.739209104329348E-5
8.533389191143215E-4
0.14505775272846222
2.526046591810882E-4
9.317709918832406E-5
0.0010836529545485973
0.29540306329727173
0.1800517439842224
0.004487399943172932
0.0020014317706227303
0.0029066058341413736
0.002520012203603983
0.0010635297512635589
0.03201334923505783
2.291517193953041E-5
0.5020276308059692
0.0030030349735170603
0.0010680450359359384
0.0608966089785099
0.3646749258041382
0.009794442914426327
0.001024737604893744
4.1329997475259006E-4
0.0016882551135495305
0.0020173268858343363
1.8694085883907974E-4
4.7439007175853476E-5
0.7806955575942993
0.0011191797675564885
0.22612449526786804
0.40606972575187683
0.0013993910979479551
0.2929687798023224
0.004189477302134037
0.005369062535464764
2.4651229614391923E-4
0.0012139189057052135
9.897082345560193E-4
8.64208850543946E-5
0.3726467192173004
0.10028555244207382
0.0015101893804967403
0.0018443187000229955
2.1387311790022068E-5
7.515687320847064E-5
0.11006345599889755
0.6435729265213013
0.0016049661207944155
7.788419025018811E-4
0.024369314312934875
0.9845373630523682
1.518255303381011E-4
8.010959718376398E-4
0.5390673279762268
4.895207821391523E-4
0.02423998713493347
0.062265872955322266
0.4377211928367615
0.4670056700706482
1.5975570931914262E-5
0.09625989943742752
0.0010118386708199978
0.05991401895880699
0.0026969267055392265
7.488540722988546E-4
0.5968112945556641
0.002300854539498687
0.4558783769607544
0.09890006482601166
0.2657545506954193
0.0013969095889478922
0.001688850112259388
0.5378344058990479
0.004472457338124514
0.001080877031199634
0.1744733601808548
9.510165546089411E-4
0.00242283521220088
0.8938859701156616
0.013797471299767494
0.0019004774512723088
0.07155235856771469
0.6213935017585754
0.36648550629615784
0.2321658581495285
0.40195393562316895
2.30146360991057E-5
7.180790416896343E-4
0.28953486680984497
0.07615448534488678
0.096451535820961
0.616405189037323
0.30757272243499756
0.5342945456504822
0.003456795122474432
0.352815181016922
1.7863980247057043E-5
0.6568225622177124
4.114822513656691E-5
9.980755858123302E-4
0.0016497308388352394
0.002397935139015317
6.164526712382212E-5
0.09353998303413391
4.4930362491868436E-4
0.0014804793754592538
4.669450281653553E-4
3.337870875839144E-4
7.86893127951771E-4
0.012148193083703518
9.139898465946317E-4
3.852642548736185E-4
2.4315679911524057E-4
0.21013647317886353
0.2089952528476715
4.2495550587773323E-4
0.03631596639752388
7.683983421884477E-4
0.00652920501306653
0.6640069484710693
0.5850502848625183
0.0016514192102476954
0.004142350517213345
0.06060906872153282
0.5010669231414795
5.398114080890082E-5
0.09363683313131332
0.0015631306450814009
3.6278634070185944E-5
1.5796067600604147E-4
0.2227446436882019
0.26365211606025696
8.786848629824817E-4
0.005600820295512676
0.012475894764065742
9.684410906629637E-5
0.9532762169837952
0.003458114806562662
0.14304271340370178
8.650233503431082E-4
0.3315545916557312
0.3701819181442261
0.01349889300763607
4.142499528825283E-4
0.01347095612436533
0.12284155935049057
0.006031676195561886
2.3330240219365805E-4
0.09031561762094498
1.0831883264472708E-4
0.18787361681461334
1.6275824236799963E-5
0.715196967124939
0.2512868642807007
0.5966714024543762
2.2862805053591728E-4
0.009377208538353443
0.6008368730545044
0.04662921652197838
0.002326189773157239
0.05311264842748642
8.661974570713937E-4
0.6481181979179382
2.2311732755042613E-4
3.5548458981793374E-5
6.805059383623302E-4
3.218603887944482E-5
0.6365671753883362
9.502986358711496E-6
0.01164612453430891
0.004087063483893871
4.3888238724321127E-4
0.025065112859010696
0.0010840300237759948
0.28081411123275757
1.1818045095424168E-5
0.00991180818527937
0.0029526117723435163
0.9462182521820068
0.7301961779594421
0.02953999675810337
0.0020728169474750757
1.111137171392329E-4
3.951105463784188E-5
0.7208069562911987
0.29946544766426086
9.703302202979103E-5
7.475120946764946E-4
1.6637792577967048E-4
8.512814529240131E-4
0.7146286964416504
0.00204470450989902
0.009973479434847832
0.86529141664505
3.3348424040013924E-5
0.3016170263290405
0.4976149797439575
1.5151787010836415E-5
1.338658476015553E-4
2.159399082302116E-5
6.275576306506991E-4
0.8462080359458923
0.004732468165457249
0.013109901919960976
0.5761869549751282
0.0018869021441787481
0.6301184892654419
3.295735805295408E-4
6.964092026464641E-4
0.9141153693199158
0.0010560760274529457
5.950729828327894E-4
0.1776307225227356
6.257070344872773E-4
0.5911918878555298
0.24284668266773224
0.0057432022877037525
0.04311610013246536
0.32444220781326294
4.2555201798677444E-4
3.884990292135626E-5
1.366878132103011E-4
1.5011704817879945E-4
1.558733856654726E-5
7.895599264884368E-5
0.6075106263160706
0.20761077105998993
0.7341054677963257
1.5196969616226852E-4
0.0032344143837690353
0.15777680277824402
8.514556247973815E-5
1.6066449461504817E-5
0.7043590545654297
0.2650632858276367
0.038679588586091995
0.005938176531344652
0.004781629890203476
7.044676458463073E-4
0.019315805286169052
0.002775308908894658
3.4113472793251276E-5
0.004292592406272888
0.8246539235115051
0.035553961992263794
0.35481688380241394
0.14211174845695496
7.476973696611822E-4
0.022189714014530182
0.5500600337982178
0.3533986806869507
0.1559848040342331
3.352962039571139E-6
4.189150422462262E-5
0.6586166024208069
5.668983703799313E-6
0.41630491614341736
0.057715773582458496
5.3738176575279795E-6
0.6726176738739014
3.8139300886541605E-4
7.211132906377316E-4
0.7783125638961792
0.03028956800699234
5.747898248955607E-4
0.0048644281923770905
0.37495505809783936
0.31402701139450073
0.00437758956104517
1.3388612387643661E-5
0.8296953439712524
0.002511395141482353
0.004954973701387644
2.2167092538438737E-5
0.0013529936550185084
0.9624157547950745
0.0013490812852978706
2.4419883266091347E-4
0.0012553234118968248
0.002179710427299142
0.9975458979606628
0.9219119548797607
0.9978974461555481
0.0022085278760641813
0.9925773739814758
0.833888053894043
0.899948239326477
6.045500631444156E-4
0.9538987278938293
0.9208113551139832
0.865132749080658
0.0011326081585139036
0.0010271345963701606
0.9897677898406982
0.997664213180542
