Organophosphorus compounds
0.009468651376664639
0.0011518067913129926
0.0014097082894295454
0.6252747178077698
0.45694974064826965
0.007319670636206865
8.002294925972819E-4
4.941339720971882E-4
0.8629927635192871
4.4821540359407663E-4
0.4576401710510254
0.1782010942697525
2.2609667212236673E-4
2.0345990196801722E-4
0.6224052906036377
2.6458280626684427E-4
6.284810951910913E-4
0.011075061745941639
0.001776418648660183
4.15919377701357E-4
0.0013252352364361286
1.3542450324166566E-4
0.0558924600481987
0.6273717880249023
5.196289857849479E-4
0.00200574635528028
0.01235288567841053
0.4187118411064148
0.4465111792087555
0.6011629700660706
2.590626827441156E-4
0.7513542175292969
0.4540589153766632
0.7860221266746521
0.0010566762648522854
0.07716986536979675
0.5322553515434265
0.5135630369186401
4.483671800699085E-4
0.834430992603302
3.898771246895194E-4
0.37308162450790405
7.591041503474116E-4
0.469363272190094
0.3308970034122467
0.7066310048103333
9.250901639461517E-4
2.0949651661794633E-4
0.7213415503501892
1.3460485206451267E-4
0.48540326952934265
1.6240935656242073E-4
5.466028233058751E-4
0.4265393018722534
4.2311270954087377E-4
7.091743755154312E-4
0.013100873678922653
0.001443973509594798
4.958937061019242E-4
0.8115895390510559
0.5941701531410217
0.7387086749076843
0.1340567022562027
9.638378396630287E-4
7.652014028280973E-4
2.112229267368093E-4
0.537031888961792
2.0803300139959902E-4
3.098795423284173E-4
2.666632935870439E-4
4.0141952922567725E-4
3.931743267457932E-4
5.264931824058294E-4
4.6460749581456184E-4
0.673921525478363
0.8791681528091431
1.9871402764692903E-4
2.939521218650043E-4
0.0012237022165209055
5.212931428104639E-4
2.1400998230092227E-4
1.7160901916213334E-4
1.4005115372128785E-4
0.7015175223350525
0.7006419897079468
2.3730412067379802E-4
0.0012140526669099927
9.324853454018012E-5
6.303921691142023E-4
6.16303295828402E-4
0.004558132030069828
6.118550663813949E-4
0.0058198668994009495
3.471722302492708E-4
0.002043497981503606
2.877172373700887E-4
0.6922498345375061
0.6964367032051086
0.7056997418403625
0.6230633854866028
8.792751032160595E-5
0.5910283923149109
2.0318140741437674E-4
3.547380620148033E-4
0.34789520502090454
8.645642083138227E-4
0.0032747453078627586
0.5874446630477905
3.164061636198312E-4
0.7032729387283325
0.001471847528591752
0.7390944957733154
5.28693781234324E-4
8.115200762404129E-5
0.002007843228057027
0.7230778336524963
6.964025087654591E-4
0.3950871527194977
2.1066269255243242E-4
3.067063516937196E-4
0.6755532622337341
0.023255780339241028
1.1865945270983502E-4
3.8762122858315706E-4
1.307945349253714E-4
0.002295568585395813
0.7597101330757141
3.998616011813283E-4
0.007789373863488436
4.931025905534625E-4
0.0014937345404177904
1.3124114775564522E-4
1.0626325092744082E-4
5.823771934956312E-4
1.5965907368808985E-4
0.001380886067636311
0.8006817102432251
0.6925287842750549
1.6736761608626693E-4
1.9976452676928602E-5
0.6756641268730164
2.548319171182811E-4
3.0088264611549675E-4
1.0444360668770969E-4
1.1732644634321332E-4
3.455991973169148E-4
4.610774703905918E-5
7.514863391406834E-4
7.583713886560872E-5
3.413329541217536E-4
0.002000042237341404
0.7381075620651245
4.356812496553175E-5
0.9112366437911987
0.7442898154258728
0.0030062799341976643
1.7312343697994947E-4
7.156940991990268E-4
0.6796696782112122
2.5634344638092443E-5
0.7762075662612915
1.1343616642989218E-4
0.7270005941390991
1.7542237765155733E-4
8.546309254597872E-5
7.031454151729122E-5
0.7566653490066528
0.8492278456687927
0.05990035459399223
1.3610083260573447E-4
4.3264287523925304E-4
2.5227313744835556E-4
2.658611920196563E-4
0.7447038888931274
1.2855981185566634E-4
1.060597351170145E-4
1.1406560952309519E-4
7.327362254727632E-5
1.074868268915452E-4
0.7811161875724792
9.93512585409917E-5
4.024590816698037E-5
2.3303808120545E-4
3.4115550079150125E-5
0.8340901136398315
2.283466892549768E-4
7.146348361857235E-4
7.16836511855945E-5
8.289262041216716E-5
2.4089092039503157E-4
7.324632024392486E-4
0.0013808165676891804
2.2231295588426292E-4
6.489558290923014E-5
2.0546474843285978E-4
0.7734603881835938
0.2355380654335022
0.7969309687614441
1.779512967914343E-4
0.0028190615121275187
0.8044350147247314
2.88824230665341E-4
3.380964044481516E-4
2.1974382980260998E-4
1.1670439562294632E-4
6.850272184237838E-4
6.389108602888882E-5
0.9015583992004395
7.887683023000136E-5
4.7280944272642955E-5
7.382139301626012E-5
1.1928869207622483E-4
0.0020699535962194204
1.1115879169665277E-4
0.7820881605148315
0.7620241641998291
1.6709549527149647E-4
4.212756175547838E-4
0.833750307559967
0.005654287990182638
0.04473823681473732
2.4235471209976822E-4
0.0018302869284525514
2.0051677711308002E-4
1.0922942601609975E-4
0.002029559575021267
2.303121000295505E-4
1.2114817945985124E-4
0.8748419880867004
6.210865103639662E-4
4.206285229884088E-4
6.091717295930721E-5
3.0004652217030525E-4
0.8073251247406006
9.079360752366483E-4
0.7623377442359924
3.6554629332385957E-4
1.1430616723373532E-4
0.8573643565177917
1.1269350216025487E-4
0.806704580783844
1.2645944661926478E-4
2.174912951886654E-4
0.7756615281105042
0.6294763684272766
5.3573112381855026E-5
3.505768545437604E-4
1.9645689462777227E-4
7.076654583215714E-5
0.8336623907089233
0.18787787854671478
2.6915036141872406E-4
0.8504020571708679
0.781686007976532
0.6415290832519531
3.483658074401319E-4
5.799986538477242E-4
1.6997373313643038E-4
6.184390804264694E-5
1.5516942949034274E-4
0.006596429273486137
0.8094320297241211
6.438612035708502E-5
8.132009679684415E-5
1.8801121041178703E-4
1.821491459850222E-4
0.7811961770057678
0.8657524585723877
0.7752975225448608
0.7232376337051392
9.69445172813721E-5
2.2493969299830496E-4
1.366270298603922E-4
3.088521771132946E-4
5.773567681899294E-5
2.0144747395534068E-4
0.7421258091926575
1.745694607961923E-4
1.8708175048232079E-4
1.3080182543490082E-4
0.0013344273902475834
1.3636783114634454E-4
9.931028762366623E-5
5.4772990552010015E-5
0.7886700630187988
5.2178285841364413E-5
3.338606911711395E-4
0.9668277502059937
9.917919669533148E-5
1.3684954319614917E-4
2.451689215376973E-4
0.7967702746391296
4.9336125812260434E-5
4.085370746906847E-4
1.867590326583013E-4
1.460050989408046E-4
2.9967553564347327E-4
0.7829825282096863
4.724163227365352E-5
7.222910062409937E-5
0.8067113757133484
0.7809648513793945
1.7315313743893057E-4
0.0012837137328460813
2.1731721062678844E-4
0.7103736996650696
0.006004083901643753
5.82886568736285E-4
0.03428434208035469
1.9394276023376733E-4
3.256852869526483E-5
3.7017077556811273E-4
6.213838059920818E-5
1.4931666373740882E-4
7.680543785681948E-5
7.491796714020893E-5
0.10958447307348251
4.8136171244550496E-5
2.879683415812906E-5
0.8683363199234009
0.8168513774871826
3.221460428903811E-5
8.74008983373642E-5
0.0012650395510718226
7.38792004995048E-5
1.6186207358259708E-4
0.0021398591343313456
0.0014321858761832118
1.5344389248639345E-4
0.7692740559577942
1.1933206405956298E-4
2.3734198475722224E-4
0.0037208725698292255
0.7874543070793152
1.9084950326941907E-4
0.7352845072746277
5.0085778639186174E-5
0.7496709823608398
1.378762535750866E-4
0.8215926289558411
1.2976329890079796E-4
0.5331190824508667
0.744477391242981
8.749057888053358E-4
0.8475311994552612
8.51252640131861E-4
6.52618648018688E-4
0.7411298751831055
8.84067703736946E-5
0.0038967665750533342
0.7845467925071716
2.9534881468862295E-4
3.951513790525496E-4
2.4283760285470635E-4
0.8051397800445557
0.8015093803405762
0.7956122159957886
1.5050859656184912E-4
7.379555609077215E-5
8.308425458380952E-5
6.59516008454375E-5
0.8152771592140198
0.12504491209983826
1.2164687359472737E-4
1.383534981869161E-4
4.950404036208056E-5
0.8617103695869446
0.7920935153961182
2.001247921725735E-4
9.477994171902537E-5
0.7298269271850586
4.1909757419489324E-4
9.683067764854059E-5
8.387053094338626E-5
0.8423405289649963
0.8565383553504944
0.8394938707351685
0.7756386399269104
1.5714872279204428E-4
3.2038991776062176E-5
0.8365983366966248
0.8161454796791077
1.3880386541131884E-4
2.4417497115791775E-5
0.9417088627815247
0.8692359328269958
0.7673205137252808
0.7832620143890381
1.1421191447880119E-4
5.356077599572018E-5
1.1869151785504073E-4
3.014726098626852E-4
1.0262313298881054E-4
1.2789350876118988E-4
4.165579957771115E-5
5.951508064754307E-4
6.593298894586042E-5
5.241080652922392E-4
0.7912698984146118
0.943780779838562
1.3472262071445584E-4
0.8182205557823181
0.7799088954925537
1.4046581054572016E-4
0.29745447635650635
8.040549437282607E-5
0.2477750927209854
0.0018558674491941929
1.2224512465763837E-4
6.938977749086916E-4
9.261586092179641E-5
0.7854095697402954
0.7756460309028625
0.7096071839332581
0.7461564540863037
0.8071895241737366
7.927250408101827E-5
0.7871847748756409
0.7793596386909485
1.1467420699773356E-4
1.1207137868041173E-4
8.525473822373897E-5
4.03745289077051E-5
8.320039487443864E-4
1.9395805793465115E-5
1.5179648471530527E-4
0.792603611946106
0.8057520389556885
0.7282198667526245
1.0650923650246114E-4
0.9248096942901611
7.62272029533051E-5
0.8190816640853882
1.0513855522731319E-4
3.297591465525329E-4
2.718960167840123E-4
2.523209150240291E-5
0.795452356338501
8.543711010133848E-5
0.7935241460800171
1.1497158993734047E-4
0.8255506753921509
3.709938391693868E-5
6.947422662051395E-5
0.7321896553039551
2.3382579092867672E-4
1.3920183118898422E-4
0.8052347898483276
1.1493222700664774E-4
2.5445938808843493E-4
1.405304210493341E-4
0.8292899131774902
2.8671303880400956E-4
2.140608849003911E-4
6.174938607728109E-5
5.554121162276715E-5
0.885315477848053
0.7962906360626221
5.997854168526828E-5
0.8843018412590027
1.1404432007111609E-4
9.194130689138547E-5
4.0981138590723276E-4
3.412795558688231E-5
1.565197017043829E-4
6.500470044557005E-5
0.2337847203016281
1.8682389054447412E-5
1.2203469668747857E-4
3.1526133534498513E-4
7.749041105853394E-5
3.8012699224054813E-4
0.8028900027275085
1.96704117115587E-4
0.8857667446136475
0.8189379572868347
3.935447602998465E-5
1.4707779337186366E-4
0.48195675015449524
0.8701608180999756
1.539137156214565E-4
0.7858812808990479
9.326096187578514E-5
0.8364027142524719
2.9255743720568717E-4
3.2073582406155765E-4
0.829311192035675
0.2765018939971924
4.795148561242968E-5
0.0012520948657765985
1.3634453353006393E-4
9.513930854154751E-5
5.062711352366023E-5
5.781424115411937E-4
1.0735584510257468E-4
1.720072905300185E-4
1.1169394565513358E-4
4.3419355642981827E-4
9.23533589229919E-5
5.710621189791709E-5
1.4134806406218559E-4
6.34803727734834E-5
0.79708331823349
3.0385886202566326E-4
3.1360762659460306E-4
2.0007253624498844E-4
7.047996768960729E-5
1.267666812054813E-4
0.8805651664733887
7.083256787154824E-5
6.668428250122815E-5
1.0837196168722585E-4
0.8897870779037476
0.05610816180706024
0.35578805208206177
2.1343110711313784E-4
0.797629714012146
2.575451217126101E-4
6.967605440877378E-5
8.119513950077817E-5
1.0703883890528232E-4
0.8220656514167786
4.516226181294769E-5
5.130792269483209E-4
1.225061423610896E-4
1.5969440573826432E-4
8.805016113910824E-5
1.019436604110524E-4
1.5227467520162463E-4
1.6320189752150327E-4
2.0693853730335832E-4
1.415118749719113E-4
1.9234466890338808E-4
1.2845244782511145E-4
2.0818602934014052E-4
1.0189541353611276E-4
1.0941777873085812E-4
5.34917286131531E-4
0.003567925188690424
2.610062656458467E-4
5.6457127357134596E-5
4.880936467088759E-5
4.9183916416950524E-5
1.4539988478645682E-4
1.0277717592543922E-5
1.147528673755005E-4
1.225736632477492E-4
0.8388403654098511
0.8107247352600098
1.1160344001837075E-4
1.136522987508215E-4
1.8151798576582223E-4
0.008436422795057297
5.565780520555563E-5
2.9364726287894882E-5
9.45396168390289E-5
0.7796505093574524
3.626694160629995E-5
8.790378924459219E-4
0.8738598227500916
8.577403787057847E-5
2.848174190148711E-4
1.166215879493393E-4
0.8665750026702881
2.879973326344043E-4
2.260046312585473E-4
1.551134919282049E-4
2.539969573263079E-4
7.981626549735665E-5
3.137280000373721E-4
8.099536353256553E-5
3.0400946343434043E-5
4.5079596020514145E-5
6.0463600675575435E-5
2.804847026709467E-4
1.9864151545334607E-4
1.0050940181827173E-4
8.349689596798271E-5
0.8842330574989319
1.5214443556033075E-4
4.8695786972530186E-5
1.3507514086086303E-4
7.823682244634256E-5
9.750836034072563E-5
1.1778219777625054E-4
1.7282128101214767E-4
2.3518045782111585E-4
4.7212055505951867E-5
6.87856663716957E-5
0.8685125112533569
5.2944174967706203E-5
2.71510798484087E-4
7.592531619593501E-4
7.262558938236907E-5
7.206032751128078E-5
7.083272794261575E-5
1.0545033001108095E-4
1.274914829991758E-4
4.0480121970176697E-4
1.238653640029952E-4
8.716383017599583E-4
1.0674221266526729E-4
7.699297566432506E-5
5.696801235899329E-5
0.858785092830658
3.112668637186289E-4
2.0408038108143955E-4
1.5048515342641622E-4
5.8893507230095565E-5
1.2036092084599659E-4
2.59552092757076E-4
0.6455055475234985
3.4543983929324895E-5
2.234880594187416E-5
2.688871754799038E-4
1.663793227635324E-4
1.1889438610523939E-4
6.411389767890796E-5
7.148487929953262E-5
1.561442477395758E-4
2.152748202206567E-4
9.978337038774043E-5
3.4667373256525025E-5
1.4176666445564479E-4
6.333985948003829E-5
1.7603233573026955E-4
4.975833580829203E-4
3.286226274212822E-5
3.4333155781496316E-5
3.9803763502277434E-4
7.043960795272142E-5
4.169049134361558E-5
0.8535241484642029
3.179480700055137E-5
4.7905956307658926E-5
8.660505409352481E-5
1.5880806313361973E-4
1.7694253983790986E-5
0.0014677124563604593
4.6756304072914645E-5
3.2391544664278626E-5
0.942000150680542
3.426806506467983E-5
1.891904539661482E-4
7.82329952926375E-5
8.599460124969482E-5
2.2939690097700804E-5
2.0889022562187165E-4
5.223007610766217E-5
8.64632020238787E-5
2.399676013737917E-4
4.417250456754118E-4
2.2848679509479553E-4
7.539978832937777E-5
4.8676543519832194E-4
3.434866448515095E-5
2.2126539261080325E-4
2.9259877919685096E-5
1.2120389874326065E-4
2.4159243912436068E-4
0.9767490029335022
2.5280571207986213E-5
9.074612898984924E-5
1.613599742995575E-4
2.6373297441750765E-4
1.3076550385449082E-4
1.642388269829098E-5
5.228624650044367E-5
1.0577504872344434E-4
6.839500565547496E-5
5.059081013314426E-5
7.901313801994547E-5
3.795955854002386E-5
1.0366208152845502E-4
8.405234984820709E-5
2.7525672339834273E-4
4.2832176404772326E-5
7.966891280375421E-5
9.997846063924953E-5
3.787790483329445E-4
1.82813782885205E-5
6.06002431595698E-5
1.2206978863105178E-4
3.9206232759170234E-4
8.092022471828386E-5
1.8469813221599907E-4
4.4519180664792657E-4
6.277925422182307E-5
1.9446739315753803E-5
2.2718623222317547E-4
3.672756065498106E-5
6.17647310718894E-5
1.7940017642104067E-5
0.002296966267749667
5.618851719191298E-5
3.515115167829208E-5
3.820337951765396E-5
1.3949949061498046E-4
1.4100188855081797E-4
2.7548787329578772E-5
2.9998915852047503E-4
3.9710841519990936E-5
4.7970617742976174E-5
9.672360465629026E-5
3.038037393707782E-4
2.1057498088339344E-5
3.0677812173962593E-4
5.001898171030916E-5
1.0160691454075277E-4
6.117697921581566E-5
0.9260812401771545
1.0249375918647274E-4
2.623584987304639E-5
1.1040153913199902E-4
9.163035429082811E-5
2.0447363203857094E-4
4.50613115390297E-5
7.803404150763527E-5
1.700516586424783E-4
1.481628423789516E-4
3.6927021574229E-4
4.927859845338389E-5
1.7087247397284955E-4
1.603618511580862E-5
2.3966395019670017E-5
5.8680754591478035E-5
4.343233740655705E-5
1.6614490959909745E-5
6.18320336798206E-5
2.8884995117550716E-5
9.444431634619832E-5
9.203719673678279E-5
1.0550431761657819E-4
1.1390595318516716E-4
5.012049805372953E-4
3.728659066837281E-5
7.182179833762348E-4
5.677713197655976E-4
4.319999789004214E-5
5.4200827435124665E-5
3.544303399394266E-5
1.1832429299829528E-4
6.285717972787097E-5
9.81336779659614E-5
2.4323317120433785E-5
3.192163785570301E-5
1.842118363128975E-4
9.043983300216496E-5
2.3024127585813403E-5
6.866503827041015E-5
8.927257294999436E-5
3.8845118979224935E-5
2.070948903565295E-5
2.312479591637384E-5
1.803664636099711E-4
9.029413922689855E-5
6.518373265862465E-5
0.0025730610359460115
3.749322422663681E-5
2.9683342290809378E-5
1.9308346963953227E-5
2.7879579647560604E-5
9.085253986995667E-5
1.2199740740470588E-4
4.690424611908384E-5
1.1184191680513322E-4
4.2324551031924784E-5
1.0721429134719074E-4
2.7728556233341806E-5
3.790733535424806E-5
7.4145073085674085E-6
8.676850120536983E-5
8.424711268162355E-5
9.381595737067983E-5
2.724883597693406E-5
2.316565041837748E-5
9.863745071925223E-5
4.2636028956621885E-4
2.977132680825889E-5
4.6163866500137374E-5
1.0115472105098888E-4
5.001946919946931E-5
6.712037429679185E-5
1.7291218682657927E-5
3.7953388527967036E-5
9.222707012668252E-5
5.31261321157217E-5
5.690180114470422E-5
2.6882666861638427E-4
2.2530513524543494E-4
1.0502537043066695E-4
3.3807791623985395E-5
1.0967758862534538E-4
7.993030885700136E-5
3.4191831946372986E-4
8.071334741543978E-5
2.6725865609478205E-5
1.1303159408271313E-4
6.713170023431303E-6
2.646080974955112E-4
2.8023279810440727E-5
6.076110730646178E-5
5.176401464268565E-5
2.9591808925033547E-5
5.52878191228956E-5
7.934700988698751E-5
1.1189193173777312E-4
1.1106629972346127E-4
0.7798293828964233
2.7868123652297072E-5
1.4209278742782772E-4
7.661432027816772E-5
3.374515245013754E-6
1.6659860557410866E-4
4.6863488023518585E-6
2.7373494231142104E-4
7.338085561059415E-5
4.638052196241915E-4
1.7315262812189758E-4
1.9757490008487366E-5
6.492831744253635E-5
3.426950934226625E-5
1.436315505998209E-4
1.3248242794361431E-5
8.220907329814509E-5
1.2585937838593964E-5
3.1838042195886374E-4
8.048421295825392E-5
5.5235737818293273E-5
1.5700410585850477E-5
7.465565431630239E-5
1.1352590263413731E-5
4.464648009161465E-5
3.5366075462661684E-4
1.1424579133745283E-4
2.5810208171606064E-5
5.990071804262698E-5
2.1561494577326812E-5
1.8718226783676073E-5
6.639259663643315E-5
2.1775864297524095E-5
2.0381805370561779E-4
1.1940996046178043E-4
5.744329610024579E-5
1.9011179392691702E-4
2.9957005608594045E-5
7.249129703268409E-5
1.1312631977489218E-4
1.7070505009542103E-6
3.6829631426371634E-5
7.64350188546814E-5
2.9284798074513674E-5
1.2084714398952201E-5
2.2398964210879058E-4
7.243244908750057E-5
4.8212066758424044E-5
3.7625166442012414E-5
4.474599700188264E-5
2.0522989871096797E-5
7.288181950571015E-5
3.6127086787018925E-5
1.1353610170772299E-4
3.5234545066487044E-5
1.3360940101847518E-5
2.3539524408988655E-4
1.4748154171684291E-5
1.4959595318941865E-5
2.118366683134809E-5
6.92997346050106E-5
6.774018402211368E-5
3.3208998502232134E-5
1.2191534915473312E-4
3.094020939897746E-5
1.1712148989317939E-5
5.4319025366567075E-5
1.8155775615014136E-4
2.6959620299749076E-5
1.1869910667883232E-4
3.757518425118178E-5
1.7755841327016242E-5
3.83940787287429E-5
2.977345429826528E-4
6.859886343590915E-5
1.175425568362698E-4
4.680112760979682E-5
1.8914677639259025E-5
3.668978752102703E-5
2.4081406081677414E-5
0.9490253329277039
3.059439768549055E-5
2.074982512567658E-5
6.909057265147567E-5
6.316367944236845E-6
1.8040171198663302E-5
3.02927855955204E-5
4.746703325508861E-6
1.2468219210859388E-4
3.2367028325097635E-5
1.5585545042995363E-5
6.179416232043877E-5
2.64757894910872E-4
4.788998558069579E-5
1.0032369573309552E-5
5.195931589696556E-5
1.3343110367713962E-5
1.3167965516913682E-4
8.128038462018594E-5
2.062347048195079E-4
7.9337514762301E-5
2.006828253797721E-5
3.1313716317526996E-4
2.5571940568624996E-5
2.08871624636231E-5
3.906126949004829E-4
1.3105438847560436E-4
2.3228272038977593E-4
7.515081506426213E-6
1.3703526929020882E-4
3.611216015997343E-5
3.729503805516288E-5
6.562108756043017E-4
0.0012967197690159082
5.0865313824033365E-5
1.352133695036173E-4
5.1264902140246704E-5
5.565700848819688E-5
1.6575391782680526E-5
4.6026991185499355E-5
2.8951189960935153E-5
3.436353290453553E-5
2.0985027731512673E-5
6.568034677911783E-6
1.3219493666838389E-5
2.0610457795555703E-5
3.991249104728922E-5
1.336355780949816E-4
1.0324591130483896E-5
1.6207914086407982E-5
8.063459245022386E-5
2.8511825803434476E-5
7.461542554665357E-5
1.5169952530413866E-4
5.654120468534529E-5
9.214699821313843E-5
6.087908332119696E-5
8.541069291823078E-6
1.5356434232671745E-5
5.263891944196075E-5
3.3956439438043162E-6
2.054983051493764E-4
4.3820153223350644E-5
1.418715837644413E-4
1.081859227269888E-5
2.183140350098256E-5
2.676915300980909E-6
2.051959017990157E-5
1.0876296437345445E-4
2.0394801686052233E-4
2.8250447940081358E-5
7.3537107709853444E-6
1.626142329769209E-4
8.476347829855513E-6
8.646914466226008E-6
4.067945701535791E-5
2.0370451238704845E-5
4.284800888854079E-5
1.803803170332685E-4
2.0098048480576836E-5
3.311242471681908E-5
2.5594490580260754E-5
3.6259664921090007E-4
1.1691246982081793E-5
1.5935887859086506E-5
1.9829050870612264E-5
2.3214441171148792E-5
7.033323072391795E-6
1.3105001016811002E-5
1.1634270776994526E-5
2.9050603188807145E-5
2.849303200491704E-5
2.9046623239992186E-5
2.6102592528332025E-5
1.0776807357615326E-5
1.1336037277942523E-4
1.0170469613512978E-4
1.2132099800510332E-4
3.986390947829932E-5
6.008681157254614E-5
1.549397893541027E-5
1.2748883818858303E-5
4.2603012843756005E-5
4.729017746285535E-6
3.7011410313425586E-5
7.1621761890128255E-6
1.8986927898367867E-5
5.517573663382791E-5
5.506863999471534E-6
1.1860793165396899E-4
4.0915947465691715E-5
8.25372899271315E-6
2.4794694581942167E-6
2.8647915314650163E-5
8.493446330248844E-6
4.013028956251219E-5
5.377467914513545E-6
1.9600016457843594E-5
1.5107008948689327E-5
4.258239187038271E-6
1.2511900422396138E-5
1.6364653129130602E-4
2.2573585738427937E-5
3.59270597982686E-5
2.467480080667883E-4
1.5683672245359048E-5
1.3199122622609138E-4
8.548613550374284E-6
1.3976243280922063E-5
4.618565799319185E-5
6.891954853927018E-6
5.080824848846532E-6
3.7588647501252126E-6
5.833345767314313E-6
3.462077438598499E-5
1.0769093705675914E-6
1.601717303856276E-5
5.467800292535685E-5
1.677733234828338E-4
1.0752730759122642E-6
1.1286292647127993E-5
8.24008384370245E-6
7.326204922719626E-7
8.647282811580226E-5
5.037084974901518E-6
1.193480238725897E-5
2.7456844691187143E-6
1.0520187788642943E-4
3.862526796183374E-7
1.0739644494606182E-5
5.67156239412725E-5
3.0442623028648086E-5
1.2013489140372258E-5
6.949160251679132E-7
1.8580753021524288E-5
1.0817549309649621E-6
2.772897460090462E-5
2.505875272618141E-5
1.3080141343380092E-6
2.05809083126951E-5
2.2977733351581264E-6
3.183815351803787E-6
3.7769373193441425E-6
4.19729030909366E-6
1.2902220987598412E-5
7.19812646821083E-7
5.191982836549869E-6
2.12321483559208E-5
5.257571501715574E-6
5.59229010832496E-6
5.449996479001129E-6
4.986674753126863E-7
1.536230001875083E-6
1.2761049674736569E-6
1.741833875712473E-5
5.246189630270237E-6
1.20160757433041E-5
3.594715735744103E-6
1.4788280395805486E-6
8.961511193774641E-4
7.494918918382609E-6
1.9750168576138094E-6
1.3944080274086446E-4
1.1064264526794432E-6
1.850716330409341E-6
2.9230468499008566E-5
9.375610829920333E-7
5.521339403458114E-7
3.21792549584643E-6
3.4122347187803825E-6
8.227804073612788E-7
4.91707567107369E-7
2.1647232642862946E-4
1.1632037058006972E-6
1.04258958799619E-6
2.0902389951515943E-4
8.65158926899312E-6
2.0553732156258775E-6
3.801716047746595E-6
1.6787635104265064E-6
3.0801525099377614E-6
3.025430032721488E-6
8.146362517891248E-8
2.3161276476457715E-4
2.7471667181089288E-6
2.5920759071595967E-4
2.6875677576754242E-6
1.5525564549534465E-6
2.970236039345764E-7
1.7922192228070344E-6
1.957663698703982E-6
1.0047106115962379E-6
5.5252584729714727E-8
1.930053450394098E-8
1.8329646422898804E-7
5.720187701285795E-8
1.3208207860770926E-8
2.492540929210918E-8
2.0099021469377476E-7
2.0021798263769597E-7
5.5607490834219675E-11
1.6920336659564938E-12
