Organoheterocyclic compounds
0.10331907868385315
0.2503942847251892
0.5167422890663147
0.1415279060602188
0.13405607640743256
0.10609128326177597
0.1511254608631134
0.47173601388931274
0.07121870666742325
0.24716398119926453
0.49659374356269836
0.37585562467575073
0.7243255972862244
0.34831276535987854
0.14960996806621552
0.2383590191602707
0.5454904437065125
0.2612517774105072
0.19501034915447235
0.5799692869186401
0.36810246109962463
0.803722083568573
0.7881081700325012
0.2073860615491867
0.36066722869873047
0.5432173609733582
0.11739160120487213
0.4125100076198578
0.19897961616516113
0.14293697476387024
0.2031909078359604
0.25030022859573364
0.22577181458473206
0.0806744396686554
0.14564728736877441
0.6100773215293884
0.2935028672218323
0.1629219502210617
0.6524535417556763
0.23786188662052155
0.24538074433803558
0.3247990608215332
0.14753282070159912
0.5052666068077087
0.46973904967308044
0.5376541018486023
0.17564323544502258
0.7823140025138855
0.20093391835689545
0.20542609691619873
0.34695273637771606
0.6549275517463684
0.49060624837875366
0.171316996216774
0.31699338555336
0.1864219456911087
0.5517053008079529
0.5890249609947205
0.7276170253753662
0.2771818935871124
0.3010573089122772
0.18041233718395233
0.4691891670227051
0.5628290176391602
0.3936992287635803
0.439682275056839
0.31329140067100525
0.6664340496063232
0.2709394693374634
0.22589808702468872
0.5139997005462646
0.7125703692436218
0.04609283059835434
0.1265994757413864
0.18517769873142242
0.2949100434780121
0.4032784402370453
0.13270847499370575
0.2365015596151352
0.4910520613193512
0.6258282661437988
0.5970926880836487
0.64704829454422
0.1821472942829132
0.21600855886936188
0.08598831295967102
0.1404666155576706
0.6940287351608276
0.3250444829463959
0.15965664386749268
0.6926382780075073
0.2289804220199585
0.7666597366333008
0.13524878025054932
0.44585472345352173
0.12890446186065674
0.2267696112394333
0.2220541387796402
0.2185056507587433
0.3684678077697754
0.826714038848877
0.35685932636260986
0.6640838384628296
0.0200770553201437
0.7132387161254883
0.6060459613800049
0.06015903130173683
0.14457617700099945
0.9033331274986267
0.21713300049304962
0.6215938925743103
0.17207108438014984
0.21886111795902252
0.33449625968933105
0.025346199050545692
0.18059997260570526
0.2731791138648987
0.28845709562301636
0.028927775099873543
0.4874478876590729
0.404829204082489
0.07566022872924805
0.16345204412937164
0.7583231925964355
0.39599359035491943
0.6406404376029968
0.20312173664569855
0.10777626186609268
0.6514294743537903
0.12008149921894073
0.13621199131011963
0.6860237717628479
0.7786163091659546
0.04405965656042099
0.36696940660476685
0.08632029592990875
0.22527027130126953
0.42039477825164795
0.48759135603904724
0.6454164981842041
0.200826033949852
0.28683844208717346
0.15090014040470123
0.7421333193778992
0.33194294571876526
0.5589600205421448
0.6729902029037476
0.9478144645690918
0.2594447433948517
0.37289559841156006
0.8740254640579224
0.22016407549381256
0.0384611114859581
0.16085337102413177
0.20411896705627441
0.2907094955444336
0.8948413729667664
0.7834727764129639
0.32203352451324463
0.6578181385993958
0.21596185863018036
0.9086523652076721
0.2564834952354431
0.5658259391784668
0.5815097689628601
0.6728859543800354
0.3219261169433594
0.2260380983352661
0.7324471473693848
0.14026635885238647
0.21345357596874237
0.618247926235199
0.9387197494506836
0.2668415606021881
0.26077979803085327
0.1403237134218216
0.4692116379737854
0.4705996811389923
0.03832821175456047
0.18310891091823578
0.5813825130462646
0.776455283164978
0.20684562623500824
0.2064756602048874
0.151191845536232
0.3703477382659912
0.727713406085968
0.09199045598506927
0.03982473537325859
0.1040329784154892
0.21189844608306885
0.5879631042480469
0.1601586639881134
0.3495005667209625
0.7408505082130432
0.21522918343544006
0.3000100255012512
0.31410279870033264
0.34315115213394165
0.7047175168991089
0.30271008610725403
0.7142347097396851
0.3838779330253601
0.5584622025489807
0.8690780997276306
0.45581379532814026
0.5974761247634888
0.06444744020700455
0.34432271122932434
0.5010606646537781
0.5530401468276978
0.31429412961006165
0.04340662062168121
0.11054649949073792
0.23033340275287628
0.26301461458206177
0.5576409101486206
0.9621402025222778
0.26129451394081116
0.09208504855632782
0.791939914226532
0.10172513127326965
0.198952317237854
0.8578432202339172
0.8096488118171692
0.14665330946445465
0.711846113204956
0.7557380199432373
0.2498883455991745
0.5591067671775818
0.1033850833773613
0.1906648576259613
0.6542040705680847
0.29044103622436523
0.9360058307647705
0.26176682114601135
0.7666036486625671
0.07590086758136749
0.14941029250621796
0.20582276582717896
0.2930682301521301
0.05479544773697853
0.11332559585571289
0.20796582102775574
0.5183916687965393
0.37607190012931824
0.4115140438079834
0.4720865488052368
0.07681794464588165
0.264279842376709
0.6761896014213562
0.07310695946216583
0.1867610663175583
0.25380387902259827
0.4518548548221588
0.06542070209980011
0.16906386613845825
0.2638307511806488
0.3893009126186371
0.4551447927951813
0.09171503037214279
0.3248589336872101
0.45048683881759644
0.03307732194662094
0.053146593272686005
0.10322199016809464
0.22774916887283325
0.17910125851631165
0.3527662456035614
0.4426725506782532
0.08557814359664917
0.7223458886146545
0.9270819425582886
0.137766495347023
0.34109026193618774
0.11381862312555313
0.24297891557216644
0.1267632097005844
0.1509568840265274
0.21377615630626678
0.39472895860671997
0.462171345949173
0.5064513683319092
0.5298449397087097
0.26116564869880676
0.3755415678024292
0.56949383020401
0.09449993818998337
0.20669329166412354
0.2409408986568451
0.24938471615314484
0.26552173495292664
0.2809138894081116
0.29031553864479065
0.0881471112370491
0.044766657054424286
0.16115090250968933
0.25288909673690796
0.184357151389122
0.7162814736366272
0.20493865013122559
0.32806462049484253
0.3946615755558014
0.4146471321582794
0.0661182850599289
0.514805793762207
0.9164164662361145
0.21502456068992615
0.43131962418556213
0.07981207221746445
0.38949882984161377
0.44117531180381775
0.6683217287063599
0.023751404136419296
0.5559273362159729
0.227997288107872
0.26958444714546204
0.8327693939208984
0.06918817013502121
0.15923187136650085
0.402573823928833
0.7294782400131226
0.9518741965293884
0.06889012455940247
0.18633444607257843
0.7803510427474976
0.8537057042121887
0.07019270956516266
0.14633555710315704
0.385618656873703
0.8658016324043274
0.036788731813430786
0.10140588134527206
0.21430820226669312
0.2969644069671631
0.4165396988391876
0.41957226395606995
0.4424065351486206
0.10125966370105743
0.14877690374851227
0.8490033745765686
0.4243619441986084
0.4254097640514374
0.472401887178421
0.12577727437019348
0.18740692734718323
0.3179824948310852
0.336420476436615
0.07551061362028122
0.16276922821998596
0.2668265998363495
0.6427782773971558
0.7223393321037292
0.48921215534210205
0.21090689301490784
0.22082334756851196
0.3073479235172272
0.9389246106147766
0.9621292352676392
0.08460287004709244
0.11664137244224548
0.18551839888095856
0.5777290463447571
0.6340262293815613
0.777798593044281
0.1690957248210907
0.1976797729730606
0.2625562846660614
0.09539004415273666
0.10484670847654343
0.4517374336719513
0.515609085559845
0.7404215335845947
0.06702989339828491
0.1615392118692398
0.20135937631130219
0.21329782903194427
0.3036229908466339
0.14722569286823273
0.2828686237335205
0.3046931028366089
0.3299531936645508
0.660749614238739
0.9071264863014221
0.058734484016895294
0.19656795263290405
0.3287453353404999
0.38030263781547546
0.5871429443359375
0.2519817054271698
0.49156516790390015
0.6114549040794373
0.8976802825927734
0.9004092812538147
0.9442004561424255
0.13260386884212494
0.3024557828903198
0.24445965886116028
0.3226819932460785
0.06281653046607971
0.08258985728025436
0.2293742299079895
0.3289683163166046
0.45228296518325806
0.713511049747467
0.9174416661262512
0.4014376401901245
0.9630951881408691
0.9867555499076843
0.5847391486167908
0.1052430048584938
0.33524519205093384
0.3569643795490265
0.480630099773407
0.4920124411582947
0.26124221086502075
0.2647415101528168
0.3162012994289398
0.3482000231742859
0.7871485948562622
0.8819416165351868
0.030779337510466576
0.07003045827150345
0.6124196648597717
0.7100896239280701
0.090252585709095
0.3093641996383667
0.33977118134498596
0.36323389410972595
0.9141367673873901
0.0694567933678627
0.09625862538814545
0.198204904794693
0.4763815402984619
0.8641724586486816
0.8767104148864746
0.9314883947372437
0.3123716711997986
0.07877495139837265
0.2988848090171814
0.7306994199752808
0.26613649725914
0.42841270565986633
0.5042799115180969
0.5211570858955383
0.09050194919109344
0.2342606782913208
0.29196467995643616
0.7407748699188232
0.02633977122604847
0.14242197573184967
0.3120228350162506
0.48926156759262085
0.6546121835708618
0.8082988262176514
0.06064382568001747
0.13214243948459625
0.3347990810871124
0.12267670035362244
0.1346389651298523
0.13696740567684174
0.8964824676513672
0.08597210794687271
0.3918561041355133
0.7013574242591858
0.20413760840892792
0.672505259513855
0.6813258528709412
0.7848637700080872
0.11248257756233215
0.24173296988010406
0.25240737199783325
0.315019428730011
0.8309592008590698
0.13307629525661469
0.3461005389690399
0.49898093938827515
0.52525395154953
0.7747707962989807
0.18174491822719574
0.106128990650177
0.5354651808738708
0.7790341973304749
0.17816053330898285
0.2702159285545349
0.08661429584026337
0.1774492859840393
0.6359453201293945
0.1931719332933426
0.21833348274230957
0.42702367901802063
0.8762462735176086
0.5354282855987549
0.872962236404419
0.8959221839904785
0.061986494809389114
0.02893832139670849
0.05906897410750389
0.24578243494033813
0.7544941306114197
0.8202508091926575
0.8273075222969055
0.5432878732681274
0.5901387333869934
0.6048917174339294
0.8665003776550293
0.08558616042137146
0.41210585832595825
0.1923406720161438
0.5691956877708435
0.6879326105117798
0.02171728014945984
0.2077292650938034
0.7819749116897583
0.5036532282829285
0.09092886000871658
0.39712607860565186
0.6201721429824829
0.21698562800884247
0.06090795248746872
0.08303782343864441
0.28108176589012146
0.292854905128479
0.4027477204799652
0.08438237011432648
0.08668150007724762
0.4468461275100708
0.569909930229187
0.8271603584289551
0.0577416718006134
0.6087582111358643
0.03709597513079643
0.14154255390167236
0.15166771411895752
0.502838134765625
0.6493208408355713
0.7385730147361755
0.02283315919339657
0.03664079308509827
0.677858293056488
0.044889602810144424
0.06833010166883469
0.3546927869319916
0.5391324758529663
0.5866999626159668
0.7577469944953918
0.12181132286787033
0.2020062357187271
0.278524249792099
0.31572163105010986
0.09357340633869171
0.3177843391895294
0.3654678761959076
0.42030367255210876
0.683988094329834
0.7533601522445679
0.4046763479709625
0.7498080730438232
0.9309272170066833
0.1496255248785019
0.23181594908237457
0.7368934154510498
0.788527250289917
0.17773295938968658
0.22093583643436432
0.24709969758987427
0.5985210537910461
0.7291494011878967
0.02483038790524006
0.20557405054569244
0.4805101752281189
0.5746134519577026
0.09881177544593811
0.044725775718688965
0.08138681203126907
0.11535611003637314
0.23074086010456085
0.02906474471092224
0.22934049367904663
0.6979772448539734
0.05280075594782829
0.6408165097236633
0.03427521139383316
0.6216540932655334
0.06390739977359772
0.13394010066986084
0.4069686233997345
0.45411524176597595
0.6997101902961731
0.14212337136268616
0.17426544427871704
0.06625045835971832
0.414678692817688
0.09362861514091492
0.04589731991291046
0.789543092250824
0.12334617972373962
0.8309866189956665
0.06191248446702957
0.35513681173324585
0.03869444131851196
0.06647458672523499
0.11900028586387634
0.1769772171974182
0.22226326167583466
0.34987929463386536
0.05605734512209892
0.07829293608665466
0.100916787981987
0.4557672142982483
0.7376458644866943
0.052884336560964584
0.0960330069065094
0.19797484576702118
0.03185203671455383
0.04683354124426842
0.18653708696365356
0.48387855291366577
0.23332032561302185
0.23488476872444153
0.9051083326339722
0.5155202150344849
0.09898614138364792
0.29179391264915466
0.5783235430717468
0.6257680058479309
0.8201547861099243
0.06107787787914276
0.385083943605423
0.5397902131080627
0.7417433261871338
0.7627522945404053
0.1756667047739029
0.2017090916633606
0.40973126888275146
0.13014763593673706
0.9044172763824463
0.9387966990470886
0.03348882123827934
0.41449299454689026
0.5302929878234863
0.08959049731492996
0.864039421081543
0.06764890253543854
0.07238726317882538
0.26672425866127014
0.6347260475158691
0.8210291266441345
0.03802163898944855
0.06857102364301682
0.4667552709579468
0.03649578243494034
0.07957857847213745
0.20754873752593994
0.21357999742031097
0.3044061064720154
0.3790218234062195
0.027392569929361343
0.03801586106419563
0.17523612082004547
0.1886650025844574
0.5294876098632812
0.05023767799139023
0.6618178486824036
0.4619128704071045
0.4992939829826355
0.6096166372299194
0.8380879759788513
0.03846250846982002
0.055188413709402084
0.06825248897075653
0.12334083765745163
0.8542752861976624
0.6320452094078064
0.6541634798049927
0.20181648433208466
0.2901545763015747
0.31729158759117126
0.5558927655220032
0.15782465040683746
0.06168410927057266
0.03201707825064659
0.18004508316516876
0.9128552079200745
0.4798704981803894
0.6128960251808167
0.9828318357467651
0.8346062302589417
0.0663909763097763
0.08269786834716797
0.36398664116859436
0.4790303111076355
0.6520922780036926
0.9888262152671814
0.019708652049303055
0.05012144520878792
0.05986153706908226
0.08783064037561417
0.10937953740358353
0.020582180470228195
0.04790421947836876
0.538833737373352
0.6052107810974121
0.02458798885345459
0.10638530552387238
0.3092450499534607
0.4169505834579468
0.05063016712665558
0.1115998700261116
0.1389155238866806
0.1845584511756897
0.2227439433336258
0.7367387413978577
0.9753584265708923
0.04835997894406319
0.3533790707588196
0.6999317407608032
0.7209696173667908
0.15107552707195282
0.8139259815216064
0.9111405611038208
0.07242609560489655
0.16402962803840637
0.17957854270935059
0.21529680490493774
0.41589680314064026
0.4542194902896881
0.022930411621928215
0.34684664011001587
0.5034370422363281
0.02546364814043045
0.40163373947143555
0.0934111624956131
0.27907270193099976
0.9972894787788391
0.9429730772972107
0.9629603028297424
0.07273894548416138
0.2981434762477875
0.6036997437477112
0.918013334274292
0.06622260808944702
0.22680313885211945
0.5726116299629211
0.6763187646865845
0.7765713334083557
0.13576765358448029
0.22145098447799683
0.3572815954685211
0.6308455467224121
0.875238835811615
0.20561502873897552
0.6994316577911377
0.8383347988128662
0.08990515768527985
0.09628883004188538
0.2993180453777313
0.9895445704460144
0.13869284093379974
0.6491381525993347
0.8491148948669434
0.8670949935913086
0.04836832359433174
0.3757089674472809
0.4075622856616974
0.2944726347923279
0.874695897102356
0.04301406815648079
0.0575476735830307
0.5813043117523193
0.9184116721153259
0.5481162071228027
0.19133532047271729
0.39246147871017456
0.5238308906555176
0.9496021866798401
0.04008433222770691
0.16089005768299103
0.9805344939231873
0.048208124935626984
0.10407968610525131
0.1484735757112503
0.4745272994041443
0.16311928629875183
0.9218974113464355
0.6630392074584961
0.8445112109184265
0.14042437076568604
0.11454443633556366
0.13969385623931885
0.4155152440071106
0.8690120577812195
0.11476154625415802
0.4098576605319977
0.8543274998664856
0.15552634000778198
0.10324662923812866
0.7843207716941833
0.8521920442581177
0.8598214983940125
0.027074016630649567
0.46435633301734924
0.4858052730560303
0.8898451328277588
0.031856123358011246
0.2055830955505371
0.9378617405891418
0.0377446673810482
0.3604210913181305
0.022814957424998283
0.06954269856214523
0.09159146994352341
0.28459450602531433
0.6611746549606323
0.755420982837677
0.04579142853617668
0.07324585318565369
0.2494678646326065
0.9690737724304199
0.03963474556803703
0.34527549147605896
0.49409204721450806
0.107986681163311
0.6992252469062805
0.835748016834259
0.8778067827224731
0.06653832644224167
0.09065131843090057
0.8711239695549011
0.0263932254165411
0.8574082851409912
0.8890525102615356
0.07284969091415405
0.07852808386087418
0.07920500636100769
0.8889663219451904
0.9487826228141785
0.03212849423289299
0.9502487778663635
0.07269330322742462
0.9359386563301086
0.02229137532413006
0.29533639550209045
0.9401489496231079
0.13675442337989807
0.26355093717575073
0.8473097681999207
0.11476923525333405
0.9631973505020142
0.2441391497850418
0.3379831612110138
0.759276807308197
0.9236022233963013
0.039476051926612854
0.1381809562444687
0.6943491101264954
0.06508997082710266
0.15540514886379242
0.022748850286006927
0.052771009504795074
0.604875385761261
0.7750588655471802
0.9850468039512634
0.900178849697113
0.061130765825510025
0.2187223881483078
0.03948694095015526
0.0759696289896965
0.08521603047847748
0.7253019213676453
0.8536645770072937
0.0515303909778595
0.51384437084198
0.9418022632598877
0.02462042309343815
0.07856650650501251
0.1259315311908722
0.14093255996704102
0.8202365040779114
0.05356867238879204
0.6054340600967407
0.050173044204711914
0.169094979763031
0.31291571259498596
0.5709508061408997
0.9508594870567322
0.07119201868772507
0.12534312903881073
0.442334920167923
0.857316792011261
0.9622223377227783
0.5112627148628235
0.8848059773445129
0.052126694470644
0.9681025743484497
0.9830942749977112
0.0361160971224308
0.8491963148117065
0.08529955893754959
0.14438855648040771
0.17382551729679108
0.033789411187171936
0.9567195773124695
0.11112795025110245
0.9454315304756165
0.12459562718868256
0.0462060421705246
0.07017170637845993
0.23501989245414734
0.2622867226600647
0.2733179032802582
0.016299141570925713
0.47192898392677307
0.02144406922161579
0.036252278834581375
0.9351789355278015
0.9798556566238403
0.03825346753001213
0.0740111842751503
0.8085424304008484
0.938592255115509
0.9891971349716187
0.09057105332612991
0.9672776460647583
0.043937113136053085
0.05192062631249428
0.964208722114563
0.08229099959135056
0.08231188356876373
0.20914621651172638
0.32671886682510376
0.8425965905189514
0.9236887097358704
0.027782509103417397
0.05072179064154625
0.28896477818489075
0.1660509556531906
0.9795887470245361
0.05735468119382858
0.8365885615348816
0.045805055648088455
0.04919685423374176
0.9517418146133423
0.03944449499249458
0.40878981351852417
0.9517528414726257
0.3540566563606262
0.10625528544187546
0.9960372447967529
0.8812249302864075
0.1839183270931244
0.48911741375923157
0.826501190662384
0.04890850931406021
0.979520857334137
0.12478522956371307
0.41296103596687317
0.8943424224853516
0.04953719675540924
0.4786047637462616
0.06334662437438965
0.9320182800292969
0.02246093936264515
0.3100338280200958
0.043985046446323395
0.22442591190338135
0.02954193204641342
0.175547257065773
0.35872727632522583
0.99864661693573
0.06210937350988388
0.22635607421398163
0.645143985748291
0.9301597476005554
0.9553565382957458
0.7353267073631287
0.06425413489341736
0.08813974261283875
0.15861168503761292
0.03367483243346214
0.9605950117111206
0.0343085452914238
0.7558192610740662
0.006873737554997206
0.03908352926373482
0.7771456241607666
0.9904654622077942
0.04140021279454231
0.07080388069152832
0.7444726228713989
0.021287409588694572
0.9598848819732666
0.9804421663284302
0.050422634929418564
0.9253056645393372
0.9798547625541687
0.043718233704566956
0.028416628018021584
0.01881903037428856
0.08745875209569931
0.9790118932723999
0.021187806501984596
0.04978851601481438
0.07071783393621445
0.0892549380660057
0.03963794931769371
0.40676063299179077
0.7078731656074524
0.05082742124795914
0.05484035983681679
0.8588297963142395
0.052156444638967514
0.05570671334862709
0.015123209916055202
0.01775134541094303
0.03732765093445778
0.08192551136016846
0.9781801700592041
0.9621906876564026
0.9954190850257874
0.052103959023952484
0.28254517912864685
0.08055992424488068
0.8029454946517944
0.73187655210495
0.025628291070461273
0.9743829965591431
0.9982462525367737
0.06543236970901489
0.3020886778831482
0.9965938925743103
0.055280476808547974
0.6005992293357849
0.727415144443512
0.015524339862167835
0.020076176151633263
0.01647769846022129
0.021373609080910683
0.01593845896422863
0.016244808211922646
0.9462082982063293
0.9978445172309875
0.03499245643615723
0.03635822981595993
0.03047211468219757
0.8832592964172363
0.9972397685050964
0.015384839847683907
0.6356753706932068
0.9461740851402283
0.989561915397644
0.977607786655426
0.9836707711219788
0.9961329698562622
0.9820764660835266
0.9846693277359009
0.02164631523191929
0.058249711990356445
0.9391515254974365
0.9989161491394043
0.8412249684333801
0.9197925925254822
0.9950668215751648
0.9897839426994324
0.038309864699840546
0.8281698822975159
0.9773375391960144
0.017385076731443405
0.08133130520582199
0.3777816891670227
0.01138023566454649
0.9127187132835388
0.9931735992431641
0.005831627175211906
0.6166811585426331
0.9997720718383789
0.031058741733431816
0.02232501655817032
0.9956591129302979
0.9990456104278564
0.02305884286761284
0.8638250827789307
0.9298514127731323
0.021857615560293198
0.005493453238159418
0.018605351448059082
0.9973135590553284
0.9960805773735046
0.008728436194360256
0.9927181005477905
0.011876829899847507
0.01923443004488945
0.03320683166384697
0.018978845328092575
0.995741605758667
0.7475842237472534
0.013346675783395767
0.08264116942882538
0.9969015121459961
0.9994736313819885
0.9728005528450012
0.980191707611084
0.010075820609927177
0.11962676048278809
0.9766196012496948
0.9773107171058655
0.9975139498710632
0.9979764223098755
0.9979454278945923
0.9993820190429688
