Organosulfur compounds
1.7276447033509612E-4
0.5088101625442505
0.4443191587924957
0.4033864438533783
3.616583126131445E-5
1.1964305303990841E-4
0.6404730081558228
2.2474794604931958E-5
4.975584452040493E-4
0.63145911693573
5.841913662152365E-5
0.6842681169509888
0.5436617732048035
0.8689196705818176
2.3024088295642287E-4
0.7753702402114868
0.5420624017715454
1.253318478120491E-4
7.911507418612018E-5
0.7459845542907715
1.5232403529807925E-4
0.6078972816467285
0.1868433654308319
6.719997327309102E-5
0.669461727142334
0.6812773942947388
1.8451371579430997E-4
0.3286367654800415
1.418442843714729E-5
7.647131860721856E-5
5.356803012546152E-5
0.8298218846321106
4.9704551202012226E-5
0.8050950765609741
0.7642488479614258
0.22057071328163147
4.565521885524504E-5
0.6825677752494812
0.47724148631095886
0.6503471732139587
0.7809123396873474
1.2597619206644595E-4
0.7419954538345337
2.5851226382656023E-5
0.20327192544937134
0.7157580256462097
4.840307519771159E-5
0.7582395076751709
1.389351200486999E-5
3.000234573846683E-5
0.1392444670200348
0.5378544330596924
1.4077661035116762E-4
6.714677056152141E-6
7.185446156654507E-5
4.535938933258876E-5
7.14072521077469E-5
0.7913586497306824
0.58246910572052
1.3959873467683792E-4
3.198798731318675E-5
9.899107681121677E-6
1.7985622980631888E-4
1.2808777682948858E-4
7.560712401755154E-5
0.5962516665458679
7.599966193083674E-5
0.47995537519454956
8.161643927451223E-5
5.022230470785871E-5
9.746331488713622E-5
0.49561449885368347
9.345586295239627E-5
1.7149791528936476E-4
5.2598963520722464E-5
0.5906782746315002
1.0831662802956998E-4
1.0119604849023744E-4
3.719743399415165E-4
0.7087050080299377
0.692794680595398
0.5004236102104187
2.3305272407014854E-5
7.089404789439868E-6
1.2288543075555936E-5
5.4417883802670985E-5
1.7517658125143498E-4
4.1409577534068376E-5
0.8959153294563293
0.8815225958824158
0.8705743551254272
0.9267883896827698
0.6728293299674988
5.295712617225945E-5
1.2887660705018789E-4
8.580352005083114E-5
1.3511807992472313E-5
1.4385585927811917E-5
1.406964747729944E-5
2.020490683207754E-6
0.4333699345588684
2.4796316210995428E-5
1.1002615065081045E-4
8.895753126125783E-6
0.07776393741369247
0.4037124216556549
0.9333905577659607
1.0007906894315965E-5
0.610163688659668
1.4459421436185949E-5
0.6370649337768555
3.4917495213449E-5
7.739393186056986E-5
0.7365715503692627
7.904610356490593E-6
9.431875696463976E-6
0.82042396068573
0.490784615278244
3.8292921090032905E-5
1.7173311789520085E-4
2.3995075935090426E-6
0.6952508091926575
3.116572406725027E-5
0.6821884512901306
0.7169054746627808
0.7653655409812927
1.3462002243613824E-5
2.2646871002507396E-5
0.8812028169631958
1.443782530259341E-4
0.9427826404571533
1.5228416305035353E-4
0.6219633221626282
1.927898483700119E-5
4.6759956603636965E-5
0.9415852427482605
1.4743205611011945E-5
2.5522189389448613E-5
7.312578964047134E-4
0.7262716889381409
6.813408162997803E-6
7.378237933153287E-5
9.679030335973948E-5
0.5913310647010803
5.238646190264262E-5
7.117236964404583E-4
0.4609642028808594
0.34019672870635986
7.936014299048111E-5
0.7176779508590698
0.6469864845275879
2.1767358703073114E-5
1.1556998288142495E-5
0.7724758386611938
4.853114660363644E-6
0.9635847806930542
0.6592017412185669
0.4614526033401489
6.500198196590645E-6
0.6500712633132935
1.365302250633249E-5
0.7048822045326233
1.5774792700540274E-5
9.819562546908855E-5
0.08230268210172653
0.628510594367981
2.0917776055284776E-5
3.613388253143057E-5
5.649574086419307E-5
6.155309529276565E-5
4.489719867706299E-4
4.7631768393330276E-4
0.4008074700832367
1.9128978237858973E-5
0.725196897983551
6.799538823543116E-5
8.709639951121062E-5
7.897221075836569E-5
2.371026494074613E-5
7.533607913501328E-6
0.410971075296402
0.5467977523803711
3.0733539460925385E-5
1.5286630514310673E-5
3.8815001062175725E-6
2.7030308046960272E-5
4.055609679198824E-5
3.6566241760738194E-5
4.2700285121100023E-5
6.436671828851104E-4
2.537161053624004E-4
1.0052294965134934E-4
1.6102609515655786E-4
1.6661317204125226E-4
1.1633208487182856E-4
6.446120551117929E-6
1.6353158571291715E-5
1.9048940885113552E-5
1.7078420569305308E-5
7.212760829133913E-5
1.1295757758489344E-5
1.5096164133865386E-4
3.740718530025333E-4
3.091325197601691E-5
1.0962990199914202E-4
0.3843941390514374
1.8258804630022496E-5
1.2979308849025983E-5
7.581736426800489E-4
4.857035673921928E-5
5.466126458486542E-5
3.513307310640812E-4
4.0311864722752944E-5
6.963806663407013E-5
1.1333915608702227E-5
8.65593392518349E-6
0.7597476243972778
0.28716546297073364
3.328352977405302E-5
0.9405182600021362
0.296207070350647
2.7393296477384865E-4
2.0368903642520308E-4
0.9059998989105225
3.232333401683718E-4
1.7226902127731591E-4
7.96909152995795E-4
0.6242956519126892
3.0214656362659298E-5
0.9457662105560303
1.7082056729122996E-4
1.7969729015021585E-5
0.4907378852367401
2.943853905890137E-5
0.4630580544471741
1.4460220882028807E-5
0.9434458613395691
2.7905707247555256E-4
1.5814510334166698E-5
1.401323825120926E-4
2.8941520213265903E-5
1.6599967784713954E-4
4.107718632440083E-5
1.985210838029161E-5
1.3484233932103962E-5
0.9228406548500061
0.0013915939489379525
2.4842077982611954E-4
7.196519436547533E-5
4.9144524382427335E-5
1.5334073395933956E-4
6.703926919726655E-5
1.58957682288019E-5
7.028560503385961E-6
1.914597669383511E-5
4.646441448130645E-5
7.57261659600772E-5
4.4216777314431965E-4
8.999541023513302E-5
7.150079909479246E-5
0.9638203382492065
3.725330316228792E-5
1.2928535579703748E-4
5.106657226860989E-6
4.578246080200188E-5
3.472916068858467E-5
2.044642315013334E-5
3.762089181691408E-5
2.6541127226664685E-5
1.5523870388278738E-5
0.9612823724746704
5.868277512490749E-4
0.7303646206855774
3.2589399779681116E-5
8.444325067102909E-5
1.582802797202021E-4
8.987619366962463E-6
4.302725938032381E-5
1.5354740025941283E-4
2.4355645291507244E-4
1.2564822100102901E-4
1.1138842819491401E-4
6.049370131222531E-5
0.5125417709350586
2.4070213839877397E-5
9.213214798364788E-5
8.029385935515165E-5
0.759979248046875
1.5119597082957625E-4
3.450949952821247E-5
1.472166331950575E-4
1.9606351997936144E-5
6.960208702366799E-5
0.813572883605957
4.37331800640095E-5
0.9586473703384399
0.941030740737915
1.4968293726269621E-5
1.2752506881952286E-4
5.704945215256885E-5
1.0041520908998791E-5
1.1331063433317468E-5
2.1862283756490797E-4
3.3680225897114724E-5
6.210721767274663E-5
2.5912921046256088E-5
0.6220856308937073
1.2568487727548927E-4
0.09784161299467087
4.7776327846804634E-5
3.829032721114345E-5
9.344184218207374E-5
2.1245978132355958E-5
1.106674608308822E-5
2.532385988160968E-4
2.4480224237777293E-4
2.1046375331934541E-4
0.4636162519454956
2.0204661268508062E-5
3.332766209496185E-5
6.682032835669816E-5
1.1935809743590653E-4
0.5231272578239441
0.9760997295379639
2.4844726431183517E-4
0.3848109245300293
1.9865955982822925E-4
2.5296429521404207E-4
3.587154787965119E-4
2.1079264115542173E-5
0.7296818494796753
1.773772237356752E-5
0.9790239334106445
8.459765012958087E-6
0.9612964987754822
6.837504315626575E-6
7.674157677683979E-5
3.5836446841130964E-6
3.909030638169497E-4
7.956929039210081E-6
0.002147190272808075
0.617793619632721
4.261449430487119E-5
9.181064524454996E-5
3.164474037475884E-6
6.632792064920068E-4
5.293717258609831E-4
8.110027920338325E-6
5.734846490668133E-5
0.934287965297699
8.385106411878951E-6
3.281342287664302E-5
3.0733822495676577E-4
0.7304416298866272
1.5792054909979925E-5
1.5721754607511684E-5
4.151425673626363E-5
0.5465674996376038
0.2605244219303131
4.7568490117555484E-5
6.800371193094179E-5
1.6474999938509427E-5
3.225484033464454E-5
3.045176272280514E-4
1.3886200031265616E-4
3.204110180377029E-5
2.5063864086405374E-5
2.3800725102773868E-5
1.4521715638693422E-4
6.634108285652474E-5
1.5752713807160035E-5
0.8891168236732483
0.32378023862838745
5.35530416527763E-5
1.0692020623537246E-5
2.9841801733709872E-5
8.454114322375972E-6
1.4151200957712717E-5
1.1529129551490769E-4
1.0458879842190072E-4
5.3410472901305184E-5
3.937474684789777E-5
1.119484568334883E-5
0.6106864213943481
5.0980172090930864E-5
4.780712697538547E-5
1.3013176612730604E-5
6.352826403599465E-6
4.719646312878467E-5
2.5969542548409663E-5
0.8001354336738586
6.586244853679091E-5
0.6659740805625916
3.1785620376467705E-4
0.700877845287323
1.2179431359982118E-4
1.6612747276667506E-4
5.981036520097405E-5
1.4655774975835811E-5
4.827192606171593E-5
2.545646275393665E-4
1.1077443559770472E-5
1.4746667147846892E-5
3.561966150300577E-5
0.8521033525466919
0.543631911277771
1.7384150851285085E-5
0.29850703477859497
7.07438521203585E-5
2.68364638031926E-5
1.648349716560915E-4
1.3671696251549292E-5
1.3399262570601422E-5
9.024495739140548E-6
4.566274583339691E-6
1.4858551367069595E-5
2.5478447787463665E-4
7.238226771733025E-6
2.1439256670419127E-5
9.190840501105413E-5
3.4852014505304396E-4
1.551416607981082E-5
6.819373811595142E-5
2.5467834348091856E-5
5.062458149041049E-5
3.0139321097522043E-5
1.3560864317696542E-5
3.668185308924876E-5
7.666464625799563E-6
0.6612460017204285
4.973743489244953E-5
5.4456588259199634E-5
9.010715075419284E-6
1.4990648196544498E-4
2.0274128473829478E-4
5.190856172703207E-4
1.5737907961010933E-4
1.3425041288428474E-5
1.570450112922117E-4
1.3611588656203821E-5
2.941251150332391E-4
1.7304888388025574E-5
7.00080709066242E-5
7.949922583065927E-4
1.550502929603681E-5
9.105789649765939E-5
6.65046536596492E-5
1.4700072824780364E-5
1.0256827954435721E-4
3.916669811587781E-6
9.552869014441967E-4
1.2184660590719432E-5
2.5698360332171433E-5
7.323526369873434E-5
3.1451370887225494E-5
2.121248144248966E-5
2.7786400096374564E-5
7.907653525762726E-6
7.97724787844345E-5
3.6679284676210955E-5
3.161550557706505E-5
1.7276241851504892E-4
4.849805263802409E-4
1.4810817447141744E-5
7.173919584602118E-5
2.4199772451538593E-4
6.0159956774441525E-5
1.274724054383114E-4
3.1003222829895094E-5
6.390053749782965E-5
1.252726069651544E-4
1.854027359513566E-4
8.35559330880642E-6
0.6808778047561646
1.1180842193425633E-5
4.489615093916655E-6
1.2171400157967582E-4
0.8966208696365356
1.046208490151912E-4
2.1551191821345128E-5
1.354166743112728E-4
0.9620441794395447
3.7486239307327196E-5
1.2404058907122817E-5
3.2405220554210246E-4
0.9617326855659485
1.1889557754329871E-5
5.981353751849383E-5
5.0337272114120424E-5
8.343449735548347E-7
8.017474465304986E-5
0.6206044554710388
3.282705438323319E-4
0.890531063079834
0.9789111018180847
8.515021181665361E-5
1.2201986464788206E-5
3.410696444916539E-5
1.0729095265560318E-5
4.760087176691741E-5
3.931968240067363E-5
0.7803278565406799
5.814242740598274E-6
1.4204902981873602E-5
0.800321638584137
2.0592995497281663E-5
6.223660602699965E-5
0.8589106798171997
2.7760414013755508E-5
1.2999799218960106E-4
2.1428430045489222E-4
5.387978035287233E-6
1.444417102902662E-5
1.0806154932652134E-5
7.808795635355636E-5
1.3644195860251784E-4
1.5711537344031967E-5
2.3022381355986E-5
2.1960068261250854E-4
4.143758269492537E-5
1.5421029820572585E-4
1.4100789485382847E-5
4.334939512773417E-5
6.667844718322158E-5
0.9826933145523071
1.334255066467449E-4
0.8601246476173401
6.90005617798306E-5
2.516228996682912E-4
4.586794966598973E-5
1.1499846732476726E-4
5.006085484637879E-5
0.9722119569778442
1.1642309254966676E-4
6.37561061012093E-6
2.1373634808696806E-4
0.9144119620323181
1.779613558028359E-5
0.9831148982048035
1.063426534528844E-4
6.785529694752768E-5
6.486106576630846E-5
8.220120071200654E-5
3.326096339151263E-4
1.2727594366879202E-5
7.17777875252068E-5
2.2172559692990035E-4
1.295947458856972E-5
1.773714211594779E-5
1.9280942069599405E-5
3.7721270928159356E-5
1.3077798030280974E-5
0.015064663253724575
1.4640111476182938E-4
4.6139632468111813E-4
3.1208942527882755E-4
2.1487850972334854E-5
0.8456748723983765
8.989025081973523E-5
1.0995705451932736E-5
5.389010766521096E-4
0.7148234248161316
1.0303465387551114E-4
1.3854866665496957E-5
5.660551687469706E-5
1.3193755876272917E-4
2.637250872794539E-4
2.8824755645473488E-5
1.4248722436605021E-5
1.0954296158161014E-4
0.4918545186519623
1.7015442426782101E-4
7.268851040862501E-4
1.1402808740967885E-4
0.9504320621490479
5.344345481717028E-5
4.413248097989708E-4
5.758542556577595E-6
1.1814408026111778E-5
0.8671526908874512
1.3390977983362973E-5
1.1768945842050016E-4
5.0750727496051695E-6
7.330915104830638E-5
8.018890366656706E-5
1.3875016884412616E-4
3.105629875790328E-4
0.9258374571800232
2.830849916790612E-5
1.8622933566803113E-5
1.2609268014784902E-4
1.6448431779281236E-5
2.603818938951008E-5
8.033673657337204E-5
4.192142660031095E-5
0.2847049832344055
3.708238946273923E-4
2.2629419618169777E-5
1.7540378394187428E-5
9.727453289087862E-5
1.9233539205743E-5
7.204198482213542E-5
2.7705979300662875E-4
5.241875260253437E-5
1.3290369679452851E-5
0.8986448049545288
0.9866730570793152
0.8339107036590576
1.24004393001087E-4
3.6824526614509523E-4
4.5602999307448044E-5
0.8362074494361877
2.5837867724476382E-5
4.023972724098712E-5
6.68628763378365E-6
2.1979714802000672E-4
4.8288199468515813E-4
0.7523078918457031
2.0244195184204727E-5
1.45846075611189E-4
1.9818489090539515E-4
5.034115165472031E-4
3.672870298032649E-5
3.4794480598066E-5
4.878830077359453E-5
3.55653501173947E-5
5.0819267926272005E-5
1.9443832570686936E-5
7.795442797942087E-5
0.9881000518798828
1.268841151613742E-4
2.9107502996339463E-5
1.2226234503032174E-5
4.1816521843429655E-5
4.3997493776259944E-5
3.034677865798585E-5
0.9109131097793579
0.07100097090005875
6.491620297310874E-5
4.0110957343131304E-5
1.9231065380154178E-5
2.9374552468652837E-5
4.517797060543671E-5
2.6018242351710796E-5
1.122480898629874E-4
4.4020722270943224E-4
4.849958713748492E-5
1.8846290186047554E-4
3.8064983982621925E-6
1.2751764188578818E-5
1.1944973084609956E-4
7.81643102527596E-5
0.9751459956169128
9.440763096790761E-5
2.0695356943178922E-4
0.7642847895622253
9.531698196951766E-6
9.307274012826383E-6
3.5190751077607274E-5
1.6240868717432022E-5
0.639617383480072
8.42494482640177E-5
5.637190497509437E-6
3.948640005546622E-5
3.185098466929048E-5
4.9215126637136564E-5
1.8410337361274287E-5
3.3607977093197405E-4
1.5110915410332382E-4
5.75640078750439E-5
2.35952884395374E-5
1.0991439194185659E-4
7.830947870388627E-4
4.473039007280022E-4
9.095668065128848E-5
5.6188047892646864E-5
2.903961285483092E-5
1.1356698087183759E-4
4.090130460099317E-5
1.1897362128365785E-4
1.956576670636423E-5
7.593491318402812E-6
1.0379921877756715E-4
0.5671952366828918
1.4232569810701534E-5
1.6921150745474733E-5
1.721471780911088E-4
6.713356560794637E-5
2.3191030777525157E-5
1.0187600128119811E-4
9.618341573514044E-5
1.2576561130117625E-4
9.380181290907785E-5
7.661462586838752E-5
3.1173024126474047E-6
4.538591383607127E-5
7.427747914334759E-5
1.885562960524112E-4
0.9641807675361633
2.4695671072549885E-6
1.732845885271672E-5
2.4343165932805277E-5
2.6096353394677863E-5
3.8838311411382165E-6
2.376787451794371E-4
1.971668280020822E-5
5.799844075227156E-5
4.153117333771661E-5
1.1945768346777186E-4
8.077907841652632E-5
7.238381840579677E-6
3.179430204909295E-4
8.472915214952081E-5
0.9227790832519531
0.0016975051257759333
0.9808496832847595
2.048619899142068E-5
2.762340009212494E-4
3.699136868817732E-5
8.190940570784733E-5
4.9448128265794367E-5
5.311460336088203E-5
1.9410242384765297E-4
8.759676711633801E-5
3.141597262583673E-4
8.370290015591308E-5
2.4667580873938277E-5
2.8485005714173894E-6
3.700243541970849E-5
7.306577754206955E-5
9.30652822717093E-6
3.201034269295633E-5
1.8136840662918985E-4
0.9598379135131836
0.8810293674468994
4.306894334149547E-5
1.7896422650665045E-4
3.760255276574753E-5
2.26562304305844E-4
4.6853987441863865E-5
7.752510282443836E-5
1.187630114145577E-4
9.881671576295048E-5
1.215039719681954E-5
3.140440821880475E-5
8.325939415954053E-5
2.018694649450481E-4
1.5069542860146612E-4
1.2148641872045118E-5
0.8453271389007568
1.3863590720575303E-4
2.0017700080643408E-5
8.186560080503114E-6
2.5141860533040017E-5
0.9934493899345398
9.77700692601502E-5
8.784633973846212E-5
7.437512249452993E-5
9.36964715947397E-6
2.543814480304718E-4
4.965745392837562E-5
3.16128644044511E-5
5.212578980717808E-5
1.4675701095256954E-4
6.937571470189141E-6
3.9655170985497534E-4
3.456141712376848E-5
4.126183193875477E-5
2.0701826724689454E-4
0.6910719871520996
1.7638597637414932E-4
5.455950667965226E-5
8.1904414400924E-5
0.9012119174003601
2.8863396437373012E-5
7.538279169239104E-5
7.716013897152152E-6
1.1177482519997284E-4
2.251842088298872E-4
2.9023656679783016E-5
2.438859701214824E-5
3.431658842600882E-5
1.4882789400871843E-4
8.081966370809823E-6
1.3909765402786434E-4
4.132577305426821E-5
4.052768417750485E-5
1.7119216863648035E-5
3.387527831364423E-4
1.9461980264168233E-4
1.288374187424779E-4
8.882830297807232E-5
0.9876008033752441
1.0926392860710621E-4
3.478970320429653E-4
3.058212769246893E-6
4.014488367829472E-4
4.213620559312403E-5
1.1453855222498532E-5
2.2496569727081805E-5
5.496255198522704E-6
4.3954476132057607E-4
2.6203189918305725E-5
1.3270800991449505E-4
1.992457782762358E-6
7.008891316218069E-6
1.4592362276744097E-4
5.376278295443626E-6
1.6231137124123052E-5
9.136800144915469E-6
6.88607688061893E-5
4.5322818914428353E-4
1.3243786270322744E-5
8.520534174749628E-5
7.196715159807354E-6
9.845433669397607E-5
1.49248939123936E-4
6.962357292650267E-5
3.280206292401999E-4
1.145230453403201E-5
3.948448284063488E-5
1.210689079016447E-4
1.7868423310574144E-4
1.4848583668936044E-4
0.7121663689613342
7.476432529074373E-6
1.3996769848745316E-4
1.4088134048506618E-4
2.869315503630787E-4
4.970103418600047E-6
3.504399792291224E-4
1.4037211258255411E-5
5.0077956075256225E-6
3.777895835810341E-5
4.6260822273325175E-5
4.5062394929118454E-4
1.8217389879282564E-5
1.966423587873578E-5
1.714710015221499E-5
9.283270628657192E-6
3.1895103165879846E-4
3.092247652602964E-6
3.954479761887342E-4
2.5576860934961587E-5
1.081168302334845E-4
1.0037235915660858E-4
9.13487165234983E-5
1.188763853861019E-4
3.3531714507262222E-6
5.7763732911553234E-5
5.080619303043932E-5
3.1141145882429555E-5
8.013413025764748E-5
4.1275106923421845E-5
2.448475279379636E-4
9.950887033483014E-5
7.599524542456493E-5
7.85228330641985E-5
1.534155785520852E-6
5.3522166126640514E-5
6.173829751787707E-5
5.943932046648115E-5
1.0145040869247168E-4
1.907576915982645E-5
4.100506703252904E-5
4.175050344201736E-5
2.4376735382247716E-5
5.4069369070930406E-5
7.42760967114009E-5
8.769641863182187E-5
4.24572586780414E-4
4.8661164328223094E-5
5.5448239436373115E-5
2.988302003359422E-5
4.6973391363280825E-6
1.0086306429002434E-4
7.134937186492607E-5
9.80915137915872E-5
9.042034071171656E-5
2.3784549557603896E-4
1.8471454677637666E-4
3.8770576793467626E-5
1.906116376630962E-4
8.23204027255997E-5
7.368406659225002E-5
2.5283117429353297E-4
7.923731027403846E-5
1.4710579125676304E-4
0.8336700797080994
2.610197952890303E-5
1.741049054544419E-4
2.1618475329887588E-6
1.4457691577263176E-5
3.7288886960595846E-4
2.9439671197906137E-4
7.514733442803845E-5
1.3220636174082756E-4
1.1701841140165925E-4
3.2402132637798786E-4
3.4025917557301E-5
1.3823433255311102E-4
1.7037841644196305E-6
1.5073233225848526E-4
2.99374369205907E-5
1.9492566934786737E-5
1.857608003774658E-5
3.5213949740864336E-4
7.522917439928278E-5
8.26983159640804E-5
7.6073793024988845E-6
5.880194366909564E-4
4.542326678347308E-6
3.886604099534452E-5
1.2153606803622097E-5
5.340830102795735E-5
9.40504323807545E-5
3.663704410428181E-5
9.896933624986559E-5
7.634572102688253E-5
9.273571777157485E-5
0.4190525412559509
4.375436037662439E-5
5.1767699915217236E-5
3.780796396313235E-5
4.520209404290654E-5
4.908056143904105E-5
5.398040957516059E-5
6.340081745292991E-5
1.3005491928197443E-4
2.3224112737807445E-5
2.3898730432847515E-5
5.2579023758880794E-5
3.419642598601058E-5
3.960839421779383E-6
2.1667112014256418E-4
9.428380144527182E-5
2.6042685931315646E-5
2.489948928996455E-5
6.567714444827288E-5
9.19712838367559E-5
5.8828347391681746E-5
7.494110614061356E-4
1.7491001926828176E-4
5.2052480896236375E-5
4.854514918406494E-5
4.542609167401679E-5
5.1086433813907206E-5
5.7151140936184675E-5
7.1878021117299795E-6
2.0187800691928715E-4
1.6780377336544916E-5
3.852414010907523E-5
2.1647776520694606E-5
5.616040652967058E-5
4.738288771477528E-5
3.7127971154404804E-5
5.995586980134249E-5
6.659594509983435E-5
2.3516276996815577E-5
3.7029672967037186E-5
9.733004117151722E-5
2.479341901562293E-6
9.55309769778978E-6
3.747773735085502E-5
6.876482075313106E-5
4.950145012116991E-5
1.5062246347952168E-5
1.327782665612176E-4
3.162013308610767E-4
1.0363359615439549E-4
4.22546399931889E-5
3.2486466807313263E-5
1.4663748152088374E-4
4.906887625111267E-5
2.3206106561701745E-4
5.7520432164892554E-5
5.1995000831084326E-5
1.1841352534247562E-4
3.720213135238737E-5
2.1838721295353025E-5
5.1804403483401984E-5
2.7273881642031483E-6
1.558899093652144E-4
9.584146027918905E-6
2.6389877893961966E-4
4.0034388803178445E-5
2.8673262931988575E-5
1.2016285472782329E-4
4.524929408944445E-6
5.330478961695917E-5
3.5957651562057436E-5
1.2656499166041613E-4
6.287543783400906E-6
3.175192614435218E-5
1.433926518075168E-4
8.027542207855731E-5
4.932606316288002E-6
6.720695091644302E-5
4.333991455496289E-6
1.0469632252352312E-4
1.3101189688313752E-4
5.060755938757211E-5
2.6978070309269242E-5
1.2561098628793843E-5
5.615561804006575E-6
1.4059220848139375E-4
1.575357891852036E-4
5.547859473153949E-6
1.5590398106724024E-4
5.616376438410953E-5
2.3930145835038275E-4
1.0392856347607449E-4
1.9050359696848318E-5
1.1360349162714556E-5
3.1826157282921486E-6
1.4977368664403912E-5
7.874064613133669E-5
2.546386094763875E-4
1.4134616321825888E-5
3.0211520424927585E-5
7.372507866421074E-7
6.676308112218976E-5
4.018368053948507E-5
4.813603482034523E-6
1.2299199624976609E-5
1.8702088709687814E-5
1.3745031537837349E-5
2.2685191652271897E-5
2.065204353129957E-5
1.2560795585159212E-4
3.778949030674994E-5
3.913824548362754E-5
6.876936367916642E-6
3.567888416000642E-5
0.996314287185669
1.342033010587329E-5
8.330930722877383E-5
5.80193882342428E-5
1.2984290151507594E-5
5.049026367487386E-5
2.5712952265166678E-5
2.564496207924094E-5
5.058562965132296E-5
2.643591301421111E-7
5.992793012410402E-5
1.0952664524666034E-5
2.181524359912146E-5
5.070498446002603E-6
1.0375306374044158E-5
2.595372097857762E-5
5.260282341623679E-5
3.616664616856724E-5
7.516192272305489E-5
5.722724017687142E-5
6.149480759631842E-5
1.7405490507371724E-4
5.599427458946593E-5
4.9761656555347145E-6
1.529310247860849E-5
8.607603376731277E-6
4.9719474191078916E-5
2.462218799337279E-5
1.3115713045408484E-5
3.748505696421489E-5
9.199988562613726E-5
3.135457882308401E-5
4.4047126721125096E-5
1.3420572940958664E-5
3.6730445572175086E-5
4.976876880391501E-5
2.56080306826334E-6
9.710294762044214E-6
5.7934907999879215E-6
3.550394922058331E-6
2.2473146600532345E-5
2.0255986328265863E-6
1.4698331142426468E-5
4.439648546394892E-5
1.2272050298633985E-5
3.3888144912452844E-7
6.449264219554607E-6
2.3627826521988027E-5
3.277700307080522E-5
5.893917204957688E-6
1.9217766293877503E-6
2.920239967352245E-5
5.236512151896022E-5
2.7918771593249403E-5
3.630250660080492E-7
1.9187076759408228E-5
4.0053640987025574E-5
5.309968400979415E-6
1.8837985408026725E-5
5.59140289624338E-6
2.919907092291396E-5
1.8840622942661867E-5
4.4140484533272684E-5
6.605735961784376E-6
1.7905735148815438E-5
3.977322921855375E-5
6.166579623823054E-6
3.4624872569111176E-6
1.393165257468354E-5
4.096946668141754E-6
2.1988653315929696E-6
2.3471395707019838E-6
7.804428605595604E-7
6.497461413346173E-7
9.551909130323111E-8
3.0123938898896085E-8
