Lignans, neolignans and related compounds
8.432332833763212E-6
3.977146207034821E-6
5.747122486354783E-6
2.100330448229215E-6
3.9308059740505996E-7
3.7780607726745075E-6
1.1138568879687227E-5
8.392772542720195E-6
1.306546892010374E-6
3.8627113099209964E-6
2.1726680643041618E-5
9.758389751368668E-6
2.9854987587896176E-5
4.657804765884066E-6
3.881218799506314E-5
1.1625444358287496E-6
9.347192644781899E-6
4.150159838900436E-6
5.556410542340018E-6
3.922577434423147E-6
2.8484426366048865E-5
3.838509655906819E-6
6.911841865075985E-6
6.756984475941863E-6
3.7534007333306363E-6
7.352537795668468E-5
3.5246878269390436E-6
6.6905381572723854E-6
1.6106324665088323E-6
1.2622831491171382E-6
4.935753622703487E-6
2.6050681753986282E-6
6.362990461639129E-6
3.3478236218797974E-6
2.2536639789905166E-6
8.186254490283318E-6
7.764471774862614E-6
1.1734538020391483E-5
2.151079024770297E-5
2.1650776034221053E-6
5.671438884746749E-6
1.4182445738697425E-5
2.1039093098806916E-6
1.8301618183613755E-5
1.0141111488337629E-5
6.964316980884178E-6
7.104476935637649E-6
7.670290074202057E-7
1.2732330105791334E-6
7.513926902902313E-6
3.2145067962119356E-5
1.523061018815497E-5
3.971206024289131E-5
1.7035901009876397E-6
5.180212974664755E-5
6.66137202642858E-6
4.1676485125208274E-5
1.058440034285013E-6
8.241605428338517E-6
6.862401278340258E-6
5.1141364565410186E-6
5.72422493405611E-7
1.8950422600028105E-5
4.327896749600768E-5
1.2914915714645758E-5
7.500682841055095E-6
1.0237137757940218E-5
2.9526823709602468E-5
3.4029726521112025E-5
7.515485776821151E-6
1.981612740564742E-6
4.4161702135170344E-6
5.047342710895464E-5
1.4999478480604012E-5
1.833991859712114E-6
1.5320741795221693E-6
1.2017640983685851E-5
1.0975197255902458E-5
6.600312644877704E-6
2.282722562085837E-6
9.105391654884443E-6
8.458154297841247E-6
3.347699384903535E-5
1.2027977618345176E-6
1.9010601590707665E-6
3.3552757940924494E-6
1.5703410099376924E-5
3.119937173323706E-5
4.647069363272749E-5
8.442954822385218E-6
1.3699022929358762E-6
4.687461569119478E-6
1.1412068488425575E-5
4.1089137084782124E-5
3.0383596822503023E-5
6.895440947118914E-6
2.5632816686993465E-6
2.428732386761112E-6
2.143732899639872E-6
8.645425623399206E-6
3.408201791899046E-6
3.6613910197047517E-6
5.07401637150906E-5
8.389919230467058E-7
4.100597379874671E-6
9.888108252198435E-6
1.404868635290768E-5
6.684178970317589E-7
2.929358970504836E-6
2.253867933177389E-6
3.4696392958721844E-6
1.1640055390671478E-6
2.2219694074010476E-5
4.6579989430028945E-6
4.8167821660172194E-6
8.193525218302966E-7
2.078591478493763E-6
1.8758419173536822E-6
4.057951173308538E-6
5.970652637188323E-5
8.870438250596635E-6
9.591522029950283E-7
1.951313379322528E-6
8.760194759815931E-5
3.954968633479439E-6
1.9835222246911144E-6
1.8514630255594966E-6
3.887927960022353E-6
1.7409118981959182E-6
3.369832702446729E-4
1.2543227057904005E-5
9.939117589965463E-4
2.344811264265445E-6
1.1260394239798188E-4
3.736800863407552E-5
1.4603463114326587E-6
1.861023520177696E-6
7.255550826812396E-6
8.519470611645374E-6
4.23552864958765E-6
1.97007193492027E-6
2.1404172002803534E-5
2.150056616301299E-6
4.204347533232067E-6
2.786667027976364E-5
3.796227974817157E-5
1.3373302181207691E-6
3.6062799608771456E-6
2.0386323740240186E-5
2.4184153880923986E-4
2.820092504407512E-6
1.975347458937904E-6
4.334235200076364E-6
1.5774525081724278E-6
1.919743453981937E-6
1.0389491080786684E-6
3.637265308498172E-6
9.97413371806033E-6
1.996058472286677E-6
3.4489967219997197E-6
2.2274327875493327E-6
2.2718304535374045E-6
2.8124518394179177E-6
2.2035201254766434E-4
2.7286603653919883E-5
9.683213875177898E-7
2.8412950996425934E-6
2.3463196612283355E-6
0.0025532161816954613
5.183071607461898E-6
1.777476427378133E-5
3.03147426166106E-5
5.643494205287425E-6
4.799451289727585E-6
1.5157208508753683E-5
1.4843527424091008E-5
4.41053525719326E-5
3.6543300666380674E-5
4.857360545429401E-5
5.424010964816262E-7
3.4214319839520613E-6
6.9112711571506225E-6
3.919571554433787E-6
2.2508142865262926E-4
4.0852361848919827E-7
2.8794183890568092E-5
7.75946318753995E-6
1.3592241157311946E-4
4.155190708843293E-6
5.049632163718343E-4
1.1272288247710094E-4
6.85056802467443E-5
6.466961349360645E-5
2.064575528493151E-5
3.235602343920618E-5
1.22348535569472E-6
1.9764756871154532E-5
4.007283678220119E-6
1.6949285054579377E-5
6.524123455164954E-5
2.5171452762151603E-6
7.043560617603362E-5
3.007300983881578E-5
5.106232492835261E-6
1.3639296412293334E-5
1.8116912542609498E-5
4.687839827965945E-5
1.2390100891934708E-6
8.886017894838005E-5
1.9191513274563476E-5
2.593746830825694E-5
9.497102291788906E-5
9.247786465493846E-7
1.7676329298410565E-4
2.193834689023788E-6
2.0142001631029416E-6
4.488342710828874E-6
1.2234290807100479E-5
3.23858625961293E-6
1.5967121953508467E-6
1.0164210834773257E-5
2.3043534383759834E-5
4.6056451537879184E-5
1.694561092335789E-6
1.578390074428171E-4
7.46240621083416E-5
1.3773991668131202E-5
2.112133870468824E-6
2.8096071673644474E-6
1.4616895896324422E-5
2.5013077902258374E-6
1.4134249067865312E-4
1.3506101095117629E-4
3.2754649055277696E-6
2.4091003069770522E-5
1.4960240832806448E-6
5.045825309935026E-5
1.2542596778075676E-5
1.8352506003793678E-6
1.2335517385508865E-4
4.924295808450552E-6
3.2433315482194303E-6
5.695677373296348E-6
5.793698619527277E-6
2.798775085466332E-6
4.847998934565112E-5
5.037002265453339E-4
1.2088803487131372E-5
9.525047971692402E-6
6.108626621426083E-6
6.480314186774194E-5
1.417810417478904E-4
1.841023845372547E-6
1.2819772337024915E-6
1.6045241864048876E-6
4.621485641109757E-5
1.0832235602720175E-5
3.12135016429238E-5
1.2099476589355618E-4
3.843618469545618E-5
2.420519820134359E-7
5.082481038698461E-6
6.733383543178206E-6
4.4875728235638235E-6
8.822241397865582E-6
2.297528908457025E-6
1.860954057519848E-6
2.66178017227503E-6
5.017051080358215E-6
2.7061705623054877E-6
1.1909208978977404E-6
4.2344439862063155E-5
1.8679152162803803E-6
3.484609624138102E-5
6.069426308386028E-5
2.4042363293119706E-5
1.926824779729941E-6
9.935758498613723E-6
6.947034853510559E-5
3.7102008718647994E-6
9.3295871920418E-5
0.0029325566720217466
1.0209315951215103E-4
1.9969171262346208E-5
2.548071734054247E-6
1.0302754162694328E-5
1.1639242075034417E-5
1.3912294889451005E-6
0.007038915995508432
7.623368219356053E-6
1.4455986274697352E-5
3.820720849034842E-6
2.652393504831707E-6
1.8691382592805894E-6
3.421133442316204E-5
1.5486687061638804E-6
6.110791582614183E-5
1.4703798569826176E-6
5.695943400496617E-6
3.3812393667176366E-5
4.6351058813343116E-7
3.935379936592653E-6
3.216583572793752E-4
4.155814531259239E-5
2.4123739422066137E-5
7.034593181742821E-6
2.3836098989704624E-5
5.389254147303291E-5
2.588266579550691E-5
6.158981250337092E-6
2.0638392015825957E-5
7.682965588173829E-6
1.2439068996172864E-5
6.220421255420661E-6
7.979775546118617E-6
5.010871973354369E-6
5.272006455925293E-5
7.502669632231118E-6
3.834561084659072E-6
2.802055178108276E-6
8.774823072599247E-6
5.762960645370185E-4
1.8742457541520707E-6
4.032320703117875E-6
1.9458032056718366E-6
4.522805284068454E-6
1.902672738651745E-5
3.928886144421995E-5
3.081953400396742E-5
1.9775916371145286E-6
1.7163957863886026E-6
1.6659863831591792E-5
1.6941083913479815E-7
1.2989637525606668E-6
1.4304013348009903E-5
1.983385573112173E-6
1.2663134839385748E-5
2.571267714301939E-6
1.8601780539029278E-5
3.7990594137227163E-7
1.4944052054488566E-5
3.313800334581174E-6
5.419946319307201E-6
1.939221256179735E-4
3.4300376228202367E-7
3.438657950027846E-5
1.1302859638817608E-4
2.061333816527622E-6
1.6589638107689098E-6
8.394713972847967E-7
1.4155156122797052E-6
3.446833943598904E-5
3.3370000892318785E-4
8.183015597751364E-5
1.2222758414281998E-6
1.2444662615962443E-6
7.324154012167128E-6
2.465577381371986E-6
2.2139645352581283E-6
5.18355500389589E-6
6.767618742742343E-6
1.0780458978842944E-6
3.918014044757001E-5
1.450512936571613E-4
0.006086546462029219
1.434673322364688E-5
2.218749614257831E-6
3.221569841116434E-6
1.3459150977723766E-5
3.3008066111506196E-6
1.7532606761960778E-6
6.428283086279407E-6
5.665206117555499E-6
1.101068960451812E-6
1.769840878296236E-6
2.542485390222282E-6
1.845169663283741E-6
1.064703042175097E-6
7.1659974310023244E-6
5.5664054343651515E-6
4.049685230711475E-6
9.015217983687762E-6
9.39578876568703E-6
1.6896728993742727E-5
7.602208142998279E-7
3.375124833837617E-6
1.0942150083792512E-6
2.3575382783747045E-6
5.748537660110742E-6
1.5833099951123586E-6
1.0662171007425059E-5
1.3372630928643048E-4
1.982637058972614E-6
2.674975257832557E-5
9.358734587294748E-7
8.377656195079908E-5
5.650623279507272E-6
9.78851574473083E-4
1.6752966303101857E-6
8.72984287525469E-7
1.949297438841313E-5
3.0774870083405403E-6
9.509962524134608E-7
2.0808904082514346E-5
8.3863114923588E-6
1.3145628372512874E-6
8.549607628083322E-6
7.749251381028444E-5
0.0010394662385806441
6.717676114931237E-6
2.994961505464744E-6
1.0357118753745453E-6
1.0994896229021833E-6
2.0393629256432177E-6
2.5693011593830306E-6
2.174586825276492E-6
1.2772256923199166E-5
1.0402040970802773E-6
4.319186245993478E-6
3.3739815989974886E-5
8.798875933280215E-5
6.851972557342378E-6
1.2827478713006712E-5
9.483620488026645E-6
0.003807557513937354
5.382878498494392E-7
1.0999347068718635E-6
3.051896783290431E-6
1.8037604831988574E-6
1.5578190186715801E-6
8.413327918788127E-7
2.3919983505038545E-6
1.0804843668665853E-6
1.6273875371553004E-4
1.738715945975855E-5
1.4206896594259888E-5
9.184088298752613E-7
1.0182183132201317E-6
4.966634151060134E-6
9.670669669503695E-7
3.3498818083899096E-5
2.1876364826312056E-6
4.2252060666214675E-5
6.215325993252918E-5
5.003323531127535E-5
3.5292850952828303E-6
1.296285045100376E-4
9.217278034157061E-7
0.0038326832000166178
9.385799785377458E-6
2.0767409296240658E-4
2.44923808168096E-6
1.467873516958207E-4
2.7631842385744676E-5
1.569621053931769E-5
5.782610514870612E-6
1.8698386838877923E-6
1.1321446891088272E-6
3.999313321401132E-6
1.0688897873478709E-6
1.3707333891943563E-5
4.4397918827598915E-5
1.099185028579086E-4
9.24663181649521E-5
2.4202317945309915E-5
6.726066203555092E-6
1.8192644347436726E-5
0.001122073270380497
1.775254168023821E-5
2.62927875155583E-4
1.8422520952299237E-5
9.702475508674979E-4
1.093004698304867E-6
2.797168963297736E-5
5.623188030767778E-7
2.0673403469118057E-6
2.1320214727893472E-5
5.562647402257426E-6
1.093967330234591E-5
1.8298106851943885E-6
5.1981523938593455E-6
1.4990873751230538E-6
3.603199002100155E-5
8.224670295930991E-7
6.132877751952037E-5
5.091330876894062E-6
1.0235276022285689E-6
1.011400581774069E-5
3.399285105842864E-6
1.3530365094993613E-6
2.7467474410514114E-6
2.73442219622666E-6
1.3095190297462977E-5
7.069025286909891E-6
0.002416541101410985
3.2468904009874677E-6
2.2097196961112786E-6
5.952585524937604E-6
1.119835906138178E-5
1.0033098078565672E-4
1.93341884369147E-6
2.8555609787872527E-6
3.493212034300086E-6
7.35493958927691E-5
3.6439180348679656E-6
8.001523383427411E-6
1.3753226539847674E-6
6.801607469242299E-6
1.906096144921321E-6
9.015802061185241E-5
3.5238761483924463E-5
3.4797544685716275E-6
1.6475274833283038E-6
2.0716766812256537E-5
4.683593942900188E-6
9.041675639309688E-7
3.4700526612141402E-6
0.002517638960853219
4.41494694314315E-6
5.131859325047117E-6
1.29678774101194E-5
3.751100848603528E-6
5.258463352220133E-5
1.315343160968041E-5
1.344576867268188E-5
2.6060706659336574E-6
1.1678755981847644E-5
3.0182660339050926E-5
2.434685120533686E-5
1.025922301778337E-6
6.669168215012178E-5
3.4238196349178907E-6
4.7540388550260104E-6
6.984645551710855E-6
2.9176003408792894E-6
4.421887279022485E-4
1.1255514982622117E-4
4.48794025942334E-6
8.183751560864039E-6
4.04004858864937E-5
3.382191152923042E-6
2.2723617803421803E-5
1.7408287021680735E-5
1.0337623825762421E-4
1.508281820861157E-5
3.4619824873516336E-5
1.0457630423843511E-6
4.271776106179459E-6
5.224030246608891E-6
1.1553433068911545E-5
1.6297390175168402E-5
1.4892604667693377E-5
2.499181209714152E-5
1.1800812899309676E-5
2.8732995269820094E-4
2.676745061762631E-4
2.296160801051883E-6
6.581296474905685E-6
5.2171464631101117E-5
1.249022716365289E-6
4.8773457820061594E-5
5.140176426721155E-7
0.013804856687784195
1.777897409738216E-6
3.232208837289363E-4
2.63366149738431E-4
2.167258207919076E-4
1.2911841622553766E-4
1.14593785838224E-6
1.3479558219842147E-5
2.5921281121554784E-6
9.473546015215106E-6
1.032526256494748E-6
3.793058795054094E-6
4.397569500724785E-5
1.1222268221899867E-4
6.348018359858543E-5
5.409515324572567E-6
1.2513089586718706E-6
6.281265541474568E-6
1.08528192868107E-5
7.018678297754377E-5
7.766729140712414E-6
3.019212163053453E-4
1.4744252894161036E-6
8.214122317440342E-6
0.0017907130531966686
4.251341579220025E-6
1.9905975204892457E-4
1.329198198618542E-6
1.708316085569095E-5
6.840899586677551E-4
4.579579399432987E-5
6.108056822995422E-6
8.323104907503875E-7
5.746730494138319E-6
2.3602336295880377E-4
3.660061565824435E-6
9.567864253767766E-6
0.00136858900077641
1.5934929251670837E-6
1.2857294677814934E-6
1.5345304973379825E-6
6.790247880417155E-6
3.0969149520387873E-6
2.0969714569218922E-6
2.061017312371405E-6
1.5725645425845869E-6
6.465355545515195E-5
2.0424211470526643E-5
2.6434103347128257E-5
1.7647771528572775E-6
1.8182221310780733E-6
2.0127967582084239E-4
5.06230480823433E-6
1.0422996865599998E-6
3.5658573324326426E-5
7.734273026471783E-7
1.0235366971755866E-5
2.0533766655717045E-4
9.913185203913599E-5
1.5212594917102251E-5
2.846076968125999E-4
1.1157638800796121E-4
7.3494088610459585E-6
5.37633168278262E-5
3.192865551682189E-5
4.229352725815261E-6
3.8241098081925884E-5
4.65556513518095E-5
1.9912495190510526E-5
6.572355050593615E-5
5.63212267934432E-7
1.4504063074127771E-5
2.604530309326947E-4
3.3126536436611786E-5
2.1891316919209203E-6
2.6599125249049393E-6
2.3682396204094402E-6
2.275826955155935E-5
9.486350791121367E-6
4.006779761311918E-7
1.400992005073931E-5
6.605094313272275E-6
6.293027468018408E-7
2.7447586762718856E-4
6.003968301229179E-4
0.009727250784635544
1.5261937733157538E-5
3.681948783196276E-6
2.1212018327787519E-4
6.025514448992908E-4
1.8865272295442992E-6
1.9012899429071695E-5
1.1205360351596028E-4
7.13450253897463E-6
1.5849773262743838E-5
4.006840754300356E-6
6.6096185946662445E-6
1.0925432434305549E-5
2.795404725475237E-7
7.294178431038745E-6
1.0758724238257855E-4
3.998905958724208E-5
6.948395366634941E-6
8.877759682945907E-4
2.9482249374268577E-5
1.0343311259930488E-5
4.161586730333511E-6
2.425586217214004E-6
6.325777235360874E-7
4.7585952415829524E-5
4.814334897673689E-5
6.14081509411335E-5
1.1539929255377501E-4
1.2607997632585466E-4
9.008467168314382E-5
2.728834624576848E-5
2.8427608413039707E-5
4.858674947172403E-5
1.8524413007980911E-6
1.8359172599957674E-6
8.814505417831242E-5
1.3402162039710674E-5
9.919611329678446E-5
5.9065219829790294E-5
2.899688524848898E-6
6.282739832386142E-6
1.157987526312354E-6
1.4391397417057306E-4
1.8662454976947629E-6
8.192381937988102E-5
6.623290119023295E-6
5.3174749155004974E-6
3.3941507808776805E-6
1.1579759302549064E-6
2.351989496673923E-5
1.0059578926302493E-5
2.700202685446129E-6
9.312033739661274E-7
0.0011381066869944334
2.5049654141184874E-5
2.481465162418317E-5
5.401081125455676E-6
2.121982652170118E-5
2.836577368725557E-5
3.371245111338794E-4
9.620525815989822E-5
6.524338823510334E-5
7.129235018510371E-5
1.5159163240241469E-6
1.1215569247724488E-4
1.3076324830763042E-4
2.622902684379369E-6
1.1140751666971482E-5
4.035096208099276E-5
6.658914207946509E-5
4.263762821210548E-5
2.7699063593900064E-6
2.489799771865364E-5
9.401880561199505E-6
9.59460635385767E-7
1.4026249118614942E-5
8.72661894391058E-6
5.3594805649481714E-5
1.3297637451614719E-5
3.019775322172791E-4
8.430894240518683E-7
1.5338653611252084E-5
3.986180672654882E-5
4.070804152433993E-6
4.152766905463068E-6
1.8340899259783328E-4
4.173206775703875E-7
1.2084673244316946E-6
8.91278796188999E-6
2.5875757273752242E-5
4.930141585646197E-6
1.3221000699559227E-5
1.657078246353194E-5
5.9602039073070046E-6
2.400608082098188E-6
6.028142524883151E-4
1.758588223310653E-5
7.997722423169762E-5
3.026467857125681E-5
1.4563830336555839E-4
2.2846561478218064E-5
3.5373668652027845E-5
4.58861450169934E-6
3.689395452965982E-5
1.229505505762063E-5
3.89080450986512E-5
2.9196147806942463E-5
1.4718874808750115E-5
6.729967935825698E-6
2.201118149969261E-6
1.0967070920742117E-5
2.9427403660520213E-6
2.2798344434704632E-4
4.153364570811391E-4
2.1242194634396583E-5
3.1137287805904634E-6
5.8024481404572725E-5
6.897193088661879E-6
0.3760814070701599
5.200193299970124E-6
4.36930122305057E-6
1.5379535034298897E-4
6.744740403519245E-6
1.0035571904154494E-5
8.527294266968966E-4
2.6484216505195946E-5
6.806408237025607E-6
9.82791152637219E-6
3.5418965126154944E-5
6.114691495895386E-5
9.695944609120488E-4
2.867213652280043E-6
5.043583769293036E-6
2.4210326955653727E-5
1.6628624507575296E-5
1.9960515783168375E-4
1.097378753911471E-5
5.778084414487239E-6
2.1682522492483258E-4
2.0786275854334235E-5
1.7112516843553749E-6
0.005349691025912762
6.346705777104944E-5
1.3699922419618815E-4
5.706126830773428E-5
7.487774382752832E-7
4.141911995247938E-5
0.00263966154307127
6.418651992134983E-6
1.7413360183127224E-4
3.525809006532654E-5
9.206823051499669E-6
9.375801710120868E-6
1.1592632063184283E-6
1.266312028747052E-4
1.433899742551148E-4
8.601468834967818E-6
4.637536676455056E-6
6.941730589460349E-6
1.5095130947884172E-4
3.070541424676776E-6
8.020680252229795E-5
2.1490970993909286E-6
3.836502582998946E-5
8.498234819853678E-5
5.790807772427797E-4
7.282774731720565E-6
1.1476550571387634E-4
5.80085134060937E-6
8.234947927121539E-6
0.08660466969013214
2.2432454898080323E-6
5.341090400179382E-6
1.806950240279548E-5
2.6934889319818467E-5
7.414200808852911E-5
1.252596211998025E-5
1.6751644125179155E-6
9.957332622434478E-6
1.3682925782632083E-4
2.964037594210822E-5
0.003364328993484378
2.3337299808190437E-6
0.001329469378106296
4.3366069439798594E-4
2.63719243775995E-6
9.603136277291924E-5
1.858862378867343E-4
1.2763259292114526E-4
5.786442670796532E-6
1.5933374015730806E-6
7.256786921061575E-5
8.317691972479224E-4
5.182945187698351E-6
6.913776815054007E-6
0.42113950848579407
7.4915096774930134E-6
8.910648466553539E-5
9.837855031946674E-5
3.802500941674225E-6
6.78287906339392E-5
1.622025592951104E-5
9.355931069876533E-6
6.715564722981071E-6
5.274261638987809E-6
4.537388667813502E-5
1.1308494322292972E-5
3.5099181695841253E-4
1.9486637029331177E-4
7.883671059971675E-6
4.7597782213415485E-6
2.8309054869168904E-6
3.244928848289419E-6
1.578879455337301E-4
0.6159133315086365
1.20641274747868E-7
3.447811468504369E-5
1.8866251048166305E-4
0.0011111333733424544
1.0957019185298122E-6
2.247106522190734E-6
9.237425547325984E-5
9.44042949413415E-6
3.419246640987694E-4
7.659698894713074E-5
9.449599747313187E-5
5.116526608617278E-6
1.4237525647331495E-6
1.167469145002542E-5
6.482863682322204E-5
7.40489485906437E-5
8.861021342454478E-6
4.3856293814314995E-6
1.8884253222495317E-4
1.8136062135454267E-4
1.0224714060314E-4
5.934778600931168E-4
1.6012450214475393E-4
7.735269718978088E-6
1.1026360152754933E-4
8.468517626170069E-5
9.386033343616873E-5
1.3163565199647564E-5
7.246232416946441E-5
1.7995937014347874E-5
4.9295384087599814E-5
0.002091060159727931
2.398679271209403E-6
2.7372672775527462E-5
1.0596557694952935E-4
5.204227636568248E-4
4.566864299704321E-5
0.004676115699112415
2.877927618101239E-4
8.095816156128421E-6
1.1103047654614784E-6
0.004841275978833437
0.0013905457453802228
0.060267794877290726
4.952897870680317E-5
0.0016697433311492205
0.018775155767798424
1.7352627764921635E-5
0.03614768758416176
1.3574700687968289E-6
8.110720227705315E-5
1.3551007214118727E-6
1.1847010318888351E-4
6.4112668951565865E-6
2.0064638306394045E-7
4.586178420140641E-6
9.876254480332136E-4
3.580895281629637E-6
4.9057721298595425E-6
4.297734903957462E-6
1.6768019122537225E-5
4.470528438105248E-6
8.4076845087111E-4
7.53017184251803E-6
9.55565192271024E-5
3.32550989696756E-5
7.501782238250598E-5
2.9545198776759207E-4
2.807079454214545E-6
2.586513292044401E-4
3.1633364415029064E-5
5.701018963009119E-4
1.5814615471754223E-4
0.02525295503437519
7.759616096336686E-7
3.8149840975165716E-7
2.122590522048995E-4
3.6761933006346226E-4
9.438589927412977E-7
4.4123170664533973E-4
1.8775319404085167E-5
1.9798185348918196E-6
1.7039569684129674E-6
2.8601146186701953E-4
3.884097168338485E-5
8.044215064728633E-6
4.579195319820428E-6
6.350776402541669E-6
1.114277210945147E-6
3.942528855986893E-4
1.8370404723100364E-4
1.4336229651235044E-4
4.488993454287993E-6
4.725008038803935E-4
2.763931843219325E-5
1.1734815416275524E-5
5.683174094883725E-6
3.780089537031017E-5
2.5919251129380427E-5
9.237499034497887E-5
4.099976251836779E-7
7.274289964698255E-4
2.647545613854163E-7
1.956396590685472E-5
4.761028904454179E-8
3.0728423735126853E-4
1.88645048183389E-4
8.512689237250015E-5
2.2118736524134874E-5
9.518418664811179E-5
8.058009552769363E-5
5.772775039076805E-4
1.083660890799365E-6
1.413338613929227E-4
1.5348376473411918E-4
1.7882454267237335E-4
1.3379254824030795E-6
1.436482421013352E-6
8.824857104627881E-6
1.0102963642566465E-5
6.983491039136425E-5
4.7766089750211904E-8
1.5903226085356437E-5
8.644921763334423E-5
1.3359698414205923E-6
1.257345429621637E-4
1.1484344577183947E-4
6.347940507112071E-5
2.1186995979860512E-7
3.680941299535334E-4
5.768279661424458E-4
1.1740333866328001E-4
1.333002292085439E-4
5.4333409934770316E-5
1.8806383650371572E-6
2.659931396920001E-6
1.566503549099707E-8
2.106633473886177E-4
2.0843565289396793E-4
4.495396751735825E-6
1.605986471986398E-5
2.500641676306259E-5
4.07647094107233E-5
1.0902790381805971E-4
2.5054509023902938E-5
5.632053580484353E-5
4.312008386477828E-4
3.76437560589693E-6
7.105013355612755E-5
3.533383278409019E-5
1.986876441151253E-6
6.312703135336051E-6
8.946850371671644E-9
7.084386743372306E-5
1.223008439410478E-4
1.1328153050271794E-5
6.346948794089258E-6
1.2074173719156533E-4
1.7056580691132694E-4
1.170500909211114E-4
2.8885092433483806E-6
5.137860057402577E-7
7.69838661653921E-5
4.239785484969616E-4
1.3083655403534067E-6
2.183653305110056E-5
2.7757093903346686E-6
2.0537849923130125E-4
3.106619988102466E-5
3.0950272048357874E-5
3.1379153369925916E-4
8.054522913880646E-5
1.6626707122213702E-7
1.5243545021803584E-6
1.5215142923352687E-7
1.218784063894418E-6
5.984163209404869E-8
2.819756446115207E-6
4.9340829718858004E-5
2.755806599452626E-5
9.420026908628643E-4
3.0896695534465834E-5
2.0469726587180048E-4
2.937186536655645E-6
3.4175391405710798E-9
5.999912389142992E-8
2.517185639590025E-4
5.489300383487716E-5
2.2528271870214667E-7
6.604529971809825E-7
3.6109056509303628E-6
1.1193327509317896E-7
8.245712024290697E-7
6.960154678381514E-6
3.7403058428253644E-8
6.177358045533765E-6
2.1356527213356458E-5
7.507571353926323E-6
1.0257183748763055E-4
8.986242028186098E-5
8.728896006005016E-8
2.1776511857751757E-5
1.3031369235250168E-5
3.040159062948078E-4
4.366174471215345E-5
4.294747224520279E-9
1.5037188632049947E-6
1.5175419684965163E-4
1.2346982325439626E-9
7.444336370099336E-5
7.431546691805124E-5
2.3940263105259874E-8
1.8335531058255583E-4
9.895862831399427E-7
4.516537956078537E-6
6.941313768038526E-5
3.258587821619585E-5
8.21882082391312E-8
1.8202099454356357E-5
7.8876233601477E-5
6.61978920106776E-5
1.3696349924430251E-5
2.2500989960150264E-9
2.544412018323783E-5
2.4251662011920416E-7
5.8101573330304745E-8
7.095985465888077E-10
4.159326181252254E-7
6.635518730035983E-6
1.2459387653507292E-4
6.296697847574251E-6
1.3870929251424968E-4
1.0430368035940774E-7
6.440659053623676E-4
8.55593680171296E-5
4.6343132271431386E-4
9.10613024984741E-8
1.0346073395339772E-5
1.0099749488290399E-4
3.043644483113894E-7
9.864511412160937E-6
2.356415052418015E-6
4.985491273146181E-7
1.8704004469327629E-4
4.759730387604577E-8
4.116684237942536E-8
4.645823992177611E-7
1.4625925359723624E-8
