FeatureName
436
9
679
1858
87
1088
1196
319
1300
561
536
1745
566
314
1864
32
1647
413
1303
1293
585
441
601
718
1527
1524
1310
1186
223
33
1408
1779
1653
909
1421
1518
343
1428
459
632
1337
1751
814
187
368
656
1679
1097
7
1542
406
1567
1732
1873
1284
1345
853
1560
279
935
246
1515
1177
1212
1215
1736
10
1238
876
150
50
1290
531
899
89
299
721
464
939
1726
1499
103
275
881
1723
958
1036
488
1876
661
819
684
1025
1206
895
905
468
610
131
107
1717
1449
347
777
805
992
704
85
1551
928
688
1597
1149
652
1697
1143
307
1590
1256
382
675
1152
1688
417
580
698
1158
837
923
872
1329
944
1319
1587
284
72
967
1231
132
214
164
1262
847
1079
455
1265
976
1046
155
540
1431
1786
1438
516
84
1139
1802
1796
432
178
509
1064
1133
348
1271
1790
914
590
1441
373
1055
83
1819
260
736
762
1222
1812
237
1809
785
1225
1571
396
295
1791
289
1069
174
401
1797
618
1111
1877
482
169
637
1117
953
954
362
1689
477
983
948
949
1680
831
1787
1102
517
832
1167
801
1060
614
294
1781
168
919
74
1063
423
1868
236
122
1
1072
1108
796
141
574
763
431
799
1407
555
36
800
636
449
982
804
1185
1417
483
547
334
363
1054
862
927
680
90
38
173
422
596
665
300
208
1674
359
924
1420
1426
527
1191
791
575
605
352
1017
594
647
280
772
160
1205
298
842
957
810
1318
232
182
303
233
183
227
1221
112
646
733
670
973
889
503
1202
1026
963
353
1008
790
34
1230
606
522
209
1211
1132
3
1138
473
5
1214
1011
615
217
1107
458
1328
671
782
809
1101
1087
1035
474
218
1125
521
918
344
159
655
843
1334
504
1116
972
288
1050
349
60
775
78
908
631
875
1484
219
104
1364
412
1151
602
247
1367
1488
1370
913
23
283
1814
1121
312
1148
1700
1124
1810
1053
567
846
1718
1229
1451
1715
554
936
660
181
315
505
1807
626
489
1712
662
820
1556
530
971
844
1118
1579
102
184
1576
868
584
1770
22
920
1773
1467
1504
1226
1270
318
629
111
1276
1065
1448
1068
1240
1243
1798
492
1789
1842
1582
653
278
1433
560
896
271
1507
1829
811
1826
1252
1594
815
835
1255
633
1598
943
1258
1430
322
609
496
873
77
523
188
945
539
922
962
1845
823
1737
1100
269
1106
40
1453
1103
854
340
564
94
251
848
98
177
410
228
195
604
1030
221
879
1541
285
1237
1544
1641
1547
784
1649
1626
1862
1388
628
262
1385
1667
508
915
324
1523
306
550
532
952
1295
1526
179
1753
1557
1027
960
276
599
906
1603
651
1661
856
1561
1012
1210
1730
1289
20
245
635
619
1733
886
494
1529
1347
97
1511
1749
581
558
813
894
611
542
230
1508
930
578
1173
1663
1066
892
332
1274
858
1543
1386
1170
197
1623
826
1469
198
1134
1346
338
191
1452
891
1784
541
1734
864
643
543
1031
1692
572
931
1432
1865
902
1695
1827
73
259
1731
1105
1648
199
267
1150
1051
63
642
571
1188
885
196
621
264
932
1098
1450
499
650
576
27
794
200
1123
1412
1120
339
511
201
1330
1677
951
1048
479
884
331
1750
263
857
1666
1365
231
865
551
1311
1314
901
579
1208
1559
1080
239
1227
256
274
1785
1490
1866
498
1099
910
1602
1122
1312
1315
310
622
1678
1187
570
933
883
1808
795
1771
623
1510
255
1369
934
1275
497
1525
1577
904
1811
257
1348
1662
67
950
587
1665
1366
866
1506
240
330
328
1509
640
552
1014
1294
624
1489
249
1032
600
553
1693
1084
1104
1169
1596
903
1716
1029
1485
1713
825
1257
273
1863
241
867
1387
1696
941
512
320
57
490
562
43
859
1409
265
1331
329
1172
4
1239
1468
639
190
1119
845
1028
180
398
1296
69
1855
942
1192
1748
272
1199
253
1307
1861
248
14
408
134
277
1521
162
749
630
1404
1424
1650
1094
608
129
1313
874
989
15
185
500
1851
225
1676
1414
495
850
380
1758
965
1180
1189
1844
1418
1755
345
1183
220
568
720
702
1512
812
691
1341
1564
1682
654
1174
563
13
1218
1287
434
1010
52
912
1401
1235
538
779
592
1739
429
375
1536
51
1548
506
783
1729
869
1019
1530
970
1870
1539
350
1033
649
1022
1209
1039
216
1200
1720
6
916
994
1203
12
878
1250
486
125
1831
753
1058
1332
1444
365
502
974
1691
617
148
855
462
1554
1146
998
1593
1694
582
341
1259
829
921
1171
415
1241
946
268
658
1685
30
728
1244
1155
389
1322
1841
634
16
1316
985
1584
907
1783
1040
1076
1434
317
1268
1049
961
1043
598
206
1000
1067
447
1805
171
549
1793
525
19
1052
711
1136
793
822
1574
682
573
937
1816
1003
316
1228
424
1061
101
194
8
1219
1009
1617
1769
1131
1242
1463
91
792
207
1660
925
448
519
1323
1277
100
548
644
1326
361
1546
1383
326
1466
1766
672
1389
1833
808
1213
1540
1840
1137
638
1392
356
1502
807
673
1549
1342
1627
1399
1830
481
1429
1445
1352
1034
798
325
305
1492
116
1775
1436
1824
597
887
1738
1455
296
744
1638
1475
1744
520
1601
870
1630
1095
115
1308
400
355
1705
861
803
485
645
955
1333
1702
1086
1711
841
764
1472
1640
1754
1611
1669
1362
235
476
1335
1380
286
613
1483
1651
64
1604
243
1147
1317
1486
430
480
888
1372
1654
699
816
1605
335
789
1381
1869
1782
545
421
371
1269
1288
1184
210
664
1493
860
1471
1474
1181
1071
1351
1373
1774
491
1190
457
1513
1804
1613
528
1815
1278
66
1573
788
1260
80
834
1522
281
648
1263
1583
211
917
287
1503
1589
166
1821
1668
1297
351
1563
1531
167
54
1628
1659
1363
234
1393
1690
301
529
1592
1419
360
833
70
1166
723
1454
399
897
773
1251
1618
1768
226
1193
105
1425
1719
1710
774
1254
420
370
56
1416
852
663
1631
1175
1860
593
956
1384
336
1245
1555
1704
1699
981
607
175
1462
466
964
1236
297
1402
797
1850
1701
1684
1639
1465
817
58
1406
995
369
1706
470
1130
1820
224
1481
465
719
750
133
1361
1588
898
128
151
586
756
780
1157
1817
156
42
442
700
1703
397
685
1142
1374
1041
1145
41
1378
1044
1473
337
959
1478
1127
374
1553
1550
657
1776
1501
717
135
1062
1440
1115
1572
1803
1464
1220
1002
787
1223
1279
1792
997
1249
1246
1112
1443
79
414
61
130
1795
1267
106
407
1437
966
1264
24
1585
346
692
437
1823
76
472
25
1763
367
676
1835
990
1591
165
1839
1760
1767
849
1261
142
710
828
681
416
1652
293
433
1535
1632
1394
62
659
154
1655
1398
1532
1852
1658
1109
515
703
149
456
1637
1457
124
771
1461
1856
991
372
1391
746
99
1234
761
126
735
526
1629
395
215
993
172
446
689
674
1382
806
1497
81
1201
1358
1610
147
95
839
1024
440
1724
409
666
1021
1204
1018
1298
1759
975
830
1494
1721
463
1727
1286
999
778
984
752
163
364
1568
1340
1565
697
929
968
108
1517
140
1670
388
439
1673
222
82
117
1746
1740
1280
1283
381
690
96
1743
386
453
977
524
696
1216
712
1794
1439
1460
110
1320
1725
55
1114
838
391
1836
1762
357
1683
212
667
402
1871
425
29
1075
1357
1537
213
1442
1164
706
1395
454
730
978
387
1037
1400
109
708
769
1495
1498
1161
452
145
737
118
358
426
1129
705
669
460
1741
1633
1092
390
1403
1708
65
205
75
379
1672
1057
1339
695
1159
738
146
668
1301
1141
1042
119
986
394
709
1144
776
39
445
11
1423
1480
418
138
2
1376
1607
1089
713
1778
1198
768
1657
403
1496
760
740
1671
450
1285
1266
1020
1608
383
514
204
687
1356
1516
1093
428
1519
1359
1872
1801
1570
1875
1004
1818
120
153
427
741
444
143
827
1302
137
1566
1586
714
404
1500
1217
1569
677
49
1305
21
121
1360
1459
1656
202
59
376
1324
1534
1761
443
1197
393
758
739
686
384
1777
1038
435
385
748
694
1321
1422
1248
392
757
996
1160
980
203
1552
377
766
1128
731
715
1110
1687
1233
144
1854
1635
31
1397
678
707
988
1857
