length	days	years
8.7	60	1998
8.2	60	1998
7.9	60	1998
7.1	60	1998
8.7	60	1998
8.3	60	1998
8.2	60	1998
9.3	60	1998
8.5	60	1998
7.7	60	1998
8.3	60	1998
8	60	1998
7.2	60	1998
8.2	60	1998
8.4	60	1998
7.8	60	1998
8.3	60	1998
8.2	60	1998
8.1	60	1998
8.7	60	1998
10.8	70	1998
8	70	1998
7.8	70	1998
8.5	70	1998
8.6	70	1998
8.6	70	1998
8.2	70	1998
8.7	70	2000
9.5	70	2000
9	70	2000
8.4	70	2000
8.5	70	2000
8.6	70	2000
8.1	70	2000
8.3	70	2000
8.2	70	2000
8.9	70	2000
9.2	70	2000
9.3	70	2000
9	80	2000
10	80	2000
10.2	80	2000
10.1	80	2000
11.5	80	2000
10.4	80	2000
11.6	80	2000
12	80	2000
11.1	80	2000
11.3	80	2000
11.2	80	2000
11.5	80	2000
11.8	80	1999
11.9	80	1999
12	80	1999
12.2	80	1999
10.8	80	1999
10.8	80	1999
11.6	80	1999
11.5	80	1999
11	80	1999
12.5	90	1999
13.5	90	1999
12.4	90	1999
14.8	90	1999
12.6	90	1999
11.9	90	1999
13	90	1999
12	90	1999
14.1	90	1999
12.2	90	1999
13.9	90	1999
15	90	1999
12.2	90	1999
12.6	90	1999
13.2	90	1999
13	90	1999
12.5	90	1999
13.4	90	1999
14.1	90	2001
13.4	90	2001
15.3	100	2001
14.5	100	2001
12.9	100	2001
13.3	100	2001
15.8	100	2001
15.7	100	2001
13	100	2001
16.1	100	2001
13.2	100	2001
15.1	100	2001
14.5	100	2001
13.6	100	2001
15.4	100	2001
15.6	100	2001
15.1	100	2001
14.5	100	2001
12.8	100	2001
13.5	100	2001
13.8	100	2001
13.8	100	2001
10.9	113	2001
12.2	113	2001
11.3	113	2000
10.9	113	2000
11.2	113	2000
10.7	113	2000
10.7	113	2000
10.2	113	2000
10	113	2000
11.8	113	2000
10.6	113	2000
11.3	113	2000
11.2	113	2000
11.5	113	2000
10.4	113	2000
11.3	113	2000
10.1	113	2000
11.5	113	2000
10.7	113	2000
11.4	113	2000
15.1	CK	2000
13.6	CK	2000
15.4	CK	2000
18.3	CK	2000
16.1	CK	2000
18	CK	2000
14.6	CK	2000
12.5	CK	2000
14.8	CK	2000
14.8	CK	2002
14.9	CK	2002
16.1	CK	2002
16	CK	2002
16.2	CK	2002
17.8	CK	2002
16.7	CK	2002
21	CK	2002
22.2	CK	2002
16.2	CK	2002
16.6	CK	2002
